print trail: 
1 229 278 280 246 276 270 268 274 298 50 71 308 220 172 19 48 142 130 100 3 255 265 13 151 329 327 325 323 321 319 317 315 313 311 307 305 303 301 297 295 293 291 289 287 285 283 273 17 267 15 257 165 5 263 11 253 137 261 9 251 123 259 7 249 109 20 56 103 31 22 64 35 37 39 33 24 26 191 
print trail: 
1 229 278 
print trail: 
1 229 278 331 332 281 3 255 5 257 7 259 9 261 11 263 13 265 308 15 267 17 273 19 231 233 235 237 239 241 243 245 246 20 249 22 56 251 24 64 253 298 26 100 28 31 33 35 191 37 39 203 40 43 45 103 137 151 165 109 123 142 130 172 46 71 48 220 276 
print trail: 
1 229 278 331 
print assumps: 
330 248 250 252 254 259 261 263 265 267 268 273 274 276 278 
print trail: 
1 21 23 25 27 29 31 33 35 37 39 41 43 45 47 49 51 221 103 70 65 57 253 137 151 275 165 271 269 249 251 109 202 123 190 281 101 131 173 229 278 
print assumps: 
330 248 
print trail: 
1 229 278 
print assumps: 
332 250 252 254 259 261 263 265 267 268 273 274 276 278 248 
print trail: 
1 229 278 331 21 57 65 
print trail: 
1 229 278 331 333 334 2 254 5 257 7 259 9 261 11 263 13 265 309 299 281 15 267 17 273 19 231 233 235 237 239 241 243 245 246 22 24 26 100 28 31 33 35 191 37 39 203 40 42 45 103 137 151 165 109 123 142 130 172 46 71 48 220 50 274 270 268 276 
print trail: 
1 229 278 331 333 
print assumps: 
332 250 252 254 259 261 263 265 267 268 273 274 276 278 249 
print trail: 
1 21 23 25 27 29 31 33 35 37 39 41 43 45 47 49 51 221 103 70 65 57 253 137 151 275 165 271 269 249 251 109 202 123 190 281 101 131 173 229 278 331 
print assumps: 
334 250 
print trail: 
1 229 278 331 21 57 65 333 
print assumps: 
336 252 254 259 261 263 265 267 268 273 274 276 278 248 250 
print trail: 
1 229 278 331 21 57 65 333 335 23 251 
print trail: 
1 229 278 21 57 65 23 251 
print trail: 
1 229 278 331 333 335 
print assumps: 
334 253 254 258 261 263 265 267 268 270 273 274 276 278 249 251 
print trail: 
1 21 23 25 27 29 31 33 35 37 39 41 43 45 47 49 51 221 103 70 65 57 253 137 151 275 165 271 269 249 251 109 202 123 190 281 101 131 173 229 278 331 333 
print assumps: 
336 268 
print trail: 
1 229 278 21 57 65 23 251 
print assumps: 
334 270 273 274 276 278 253 254 258 261 263 265 267 249 251 268 
print trail: 
1 229 278 21 57 65 23 251 337 41 
print assumps: 
332 270 
print trail: 
1 229 278 21 57 65 23 251 337 41 335 
print trail: 
1 229 278 331 333 335 337 
print trail: 
1 229 278 21 57 65 23 251 41 43 
print trail: 
1 229 278 331 333 335 337 339 340 281 3 255 5 257 6 258 9 261 11 263 13 265 308 15 267 17 273 19 231 233 235 237 239 241 243 245 246 45 103 46 71 48 220 50 274 25 65 27 270 268 28 100 30 108 33 123 130 35 190 137 142 37 151 39 203 165 172 276 23 57 253 298 
print trail: 
1 229 278 331 333 335 337 339 
print assumps: 
336 273 274 276 278 253 255 256 258 261 263 265 267 251 249 
print trail: 
1 21 23 25 27 29 31 33 35 37 39 41 43 45 47 49 51 221 103 70 65 57 253 137 151 275 165 271 269 249 251 109 202 123 190 281 101 131 173 229 278 331 333 335 
print assumps: 
332 274 
print trail: 
1 229 278 21 57 65 23 251 41 43 
print assumps: 
334 276 278 253 255 256 258 261 263 265 267 273 251 274 249 
print trail: 
1 229 278 21 57 65 23 251 41 43 333 47 334 276 253 255 3 256 4 258 6 
print trail: 
1 229 278 21 57 65 23 251 41 43 333 47 
print assumps: 
336 258 274 
print trail: 
1 229 278 21 57 65 23 251 41 43 333 47 335 
print trail: 
1 229 278 331 333 335 337 339 341 
print assumps: 
330 276 274 
print trail: 
1 229 278 21 57 65 23 251 41 43 47 
print trail: 
1 229 278 331 333 335 337 339 341 343 
print assumps: 
336 276 
print trail: 
1 229 278 21 57 65 23 251 41 43 47 331 
print trail: 
1 229 278 331 333 335 337 339 341 343 345 
print assumps: 
334 276 258 
print trail: 
1 229 278 21 57 65 23 251 41 43 47 331 337 
print trail: 
1 229 278 331 333 335 337 339 341 343 345 347 
print trail: 
1 229 278 21 57 65 23 251 41 43 47 
print assumps: 
334 248 
print trail: 
1 229 278 21 57 65 23 251 41 43 47 281 
print assumps: 
336 268 
print trail: 
1 229 278 21 57 65 23 251 41 43 47 281 335 
print assumps: 
330 274 
print trail: 
1 229 278 21 57 65 23 251 41 43 47 281 335 337 
print trail: 
1 229 278 23 57 65 280 246 276 270 268 274 298 50 71 308 220 172 19 48 142 130 100 3 255 265 13 151 329 327 325 323 321 319 317 315 313 311 307 305 303 301 297 295 293 291 289 287 285 283 273 17 267 15 257 165 5 
print trail: 
1 229 278 23 57 65 
print trail: 
1 229 278 331 333 335 337 339 341 343 345 347 349 350 281 3 255 5 257 7 259 8 260 11 263 13 265 308 15 267 17 273 19 231 233 235 237 239 241 243 245 246 50 25 65 27 28 100 32 35 190 37 39 203 45 103 137 151 165 122 142 23 57 253 298 41 43 31 109 130 172 48 220 276 20 249 250 
print trail: 
1 229 278 331 333 335 337 339 341 343 345 347 349 
print assumps: 
330 278 253 255 256 260 263 265 267 273 251 259 276 248 274 
print trail: 
1 229 278 21 57 65 23 251 41 43 47 281 
print assumps: 
336 276 248 274 
print trail: 
1 229 278 21 57 65 23 251 41 43 47 281 331 
print trail: 
1 229 278 331 333 335 337 339 341 343 345 347 349 351 352 2 254 5 257 7 259 9 261 11 263 12 264 308 14 266 299 281 17 273 19 231 233 235 237 239 241 243 245 246 50 25 65 26 100 28 32 35 190 37 39 203 44 71 274 23 57 253 41 269 43 271 31 48 220 21 248 251 277 173 
print trail: 
1 229 278 331 333 335 337 339 341 343 345 347 349 351 
print assumps: 
334 276 
print trail: 
1 229 278 21 57 65 23 251 41 43 47 281 331 337 
print trail: 
1 229 278 331 
print assumps: 
332 260 248 274 
print trail: 
1 229 278 21 57 65 23 251 41 43 47 281 331 337 335 332 260 8 248 50 274 71 44 102 123 109 131 173 277 7 259 271 26 150 100 315 211 139 209 83 323 39 142 199 119 197 325 195 193 35 12 264 308 254 2 4 256 307 305 303 301 299 297 295 293 291 289 287 285 283 79 273 17 141 28 164 269 203 14 266 
print trail: 
1 229 278 21 57 65 23 251 41 43 47 281 331 337 335 332 260 8 248 50 274 71 44 102 123 109 131 173 277 7 259 271 26 150 100 315 211 139 209 83 323 39 142 199 119 197 325 195 193 35 12 264 308 254 2 4 256 307 305 303 301 299 
print trail: 
1 229 278 21 57 65 23 251 41 43 47 281 331 337 335 
print trail: 
1 229 278 331 355 
print assumps: 
338 260 276 274 
print trail: 
1 229 278 21 57 65 23 251 41 43 47 281 338 260 8 276 
print trail: 
1 229 278 21 57 65 23 251 41 43 47 281 
print trail: 
1 229 278 21 57 65 23 251 41 43 47 281 
print assumps: 
332 260 276 
print trail: 
1 229 278 21 57 65 23 251 41 43 47 281 339 332 260 8 276 275 
print trail: 
1 229 278 21 57 65 23 251 41 43 47 281 339 
print trail: 
1 229 278 331 355 353 
print assumps: 
330 260 276 274 
print trail: 
1 229 278 23 57 65 330 260 8 276 
print trail: 
1 229 278 23 57 65 
print trail: 
1 229 278 23 57 65 331 280 246 276 270 268 274 298 50 71 308 220 172 19 48 142 130 100 
print trail: 
1 229 278 23 57 65 331 280 246 276 270 268 274 298 50 71 308 220 172 19 48 142 130 100 44 
print trail: 
1 229 278 23 57 65 331 
print assumps: 
334 248 
print trail: 
1 229 278 21 57 65 23 251 41 43 47 281 339 333 
print assumps: 
336 268 
print trail: 
1 229 278 21 57 65 23 251 41 43 47 281 339 333 335 
print assumps: 
330 274 
print trail: 
1 229 278 21 57 65 23 251 41 43 47 281 
print assumps: 
332 250 
print trail: 
1 229 278 23 57 65 331 281 
print assumps: 
334 270 249 
print trail: 
1 229 278 23 57 65 331 281 333 
print assumps: 
336 258 276 274 
print trail: 
1 229 278 23 57 65 281 
print trail: 
1 229 278 280 246 276 270 268 274 298 50 71 308 220 172 19 48 142 130 100 3 255 265 13 151 329 327 325 323 321 319 317 315 313 311 307 305 303 301 297 295 293 291 289 287 285 283 273 17 267 15 257 165 5 263 11 253 137 261 9 251 123 259 7 249 109 20 56 103 31 22 64 35 37 39 33 24 26 191 
print trail: 
1 229 278 
print trail: 
1 229 278 331 355 353 351 
print assumps: 
334 278 252 254 263 265 267 273 268 250 259 261 248 276 274 
print trail: 
1 229 278 23 57 65 281 337 
print assumps: 
332 248 
print trail: 
1 229 278 23 57 65 281 337 335 
print trail: 
1 229 278 331 355 353 351 349 
print assumps: 
336 278 249 
print trail: 
1 229 278 21 57 65 23 251 41 43 47 281 331 
print assumps: 
330 250 
print trail: 
1 229 278 23 57 65 281 337 335 333 
print trail: 
1 229 278 331 355 353 351 349 347 
print assumps: 
334 278 251 248 
print trail: 
1 229 278 21 57 65 23 251 41 43 47 281 331 337 
print assumps: 
330 250 248 
print trail: 
1 229 278 
print assumps: 
332 278 252 254 263 265 267 273 268 259 261 276 250 274 248 
print trail: 
1 229 278 331 
print trail: 
1 229 278 331 355 353 351 349 347 345 342 2 254 5 257 7 259 9 261 11 263 13 265 309 299 281 15 267 17 273 19 231 233 235 237 239 241 243 245 246 50 24 26 100 28 35 191 37 39 203 45 103 137 151 165 142 40 268 42 270 31 109 33 123 130 172 48 220 276 22 46 71 274 
print trail: 
1 229 278 331 355 353 351 349 347 345 
print assumps: 
338 278 252 254 263 265 267 273 268 259 261 276 250 274 249 
print trail: 
1 229 278 23 57 65 281 337 335 333 331 
print trail: 
1 229 278 331 355 353 351 349 347 345 343 340 2 254 5 257 7 259 9 261 11 263 13 265 309 299 281 15 267 17 273 19 231 233 235 237 239 241 243 245 246 50 24 27 28 35 191 37 39 203 44 71 274 270 41 43 31 33 48 220 23 57 65 252 100 268 46 103 137 151 165 109 123 142 130 172 276 
print trail: 
1 229 278 331 355 353 351 349 347 345 343 
print assumps: 
332 278 252 255 256 263 265 267 272 259 261 276 251 274 248 
print trail: 
1 229 278 21 57 65 23 251 41 43 47 281 
print assumps: 
334 263 276 274 
print trail: 
1 229 278 21 57 65 23 251 41 43 47 281 333 
print trail: 
1 229 278 331 355 353 351 349 347 345 343 341 
print assumps: 
336 276 
print trail: 
1 229 278 21 57 65 23 251 41 43 47 281 333 335 
print trail: 
1 229 278 331 355 353 351 349 347 345 343 341 339 
print assumps: 
330 252 276 274 
print trail: 
1 229 278 21 57 65 23 251 41 43 47 281 333 335 337 
print trail: 
1 229 278 331 355 353 351 349 347 345 343 341 339 337 
print assumps: 
338 252 276 
print trail: 
1 229 278 21 57 65 23 251 41 43 47 281 
print trail: 
1 229 278 21 57 65 23 251 41 43 47 281 338 276 
print trail: 
1 229 278 21 57 65 23 251 41 43 47 281 
print assumps: 
330 252 
print trail: 
1 229 278 21 57 65 23 251 41 43 47 281 339 
print trail: 
1 229 278 21 57 65 23 251 41 43 47 281 339 
print assumps: 
340 252 
print trail: 
1 229 278 23 57 65 281 
print assumps: 
334 252 
print trail: 
1 229 278 331 333 
print trail: 
1 229 278 331 333 57 65 
print assumps: 
338 278 254 263 265 267 273 268 259 261 252 276 250 274 249 
print trail: 
1 229 278 23 57 65 281 341 25 253 
print assumps: 
336 252 
print trail: 
1 229 278 331 333 57 65 335 25 253 
print assumps: 
338 278 254 263 265 267 273 268 259 261 252 276 250 274 248 
print trail: 
1 229 278 331 333 57 65 335 25 253 337 
print trail: 
1 229 278 331 333 57 65 335 25 253 337 339 280 246 276 270 268 274 298 50 71 308 263 220 172 11 19 48 142 130 137 100 
print trail: 
1 229 278 331 333 57 65 335 25 253 337 339 
print trail: 
1 229 278 331 355 353 351 349 347 345 343 341 339 337 335 
print assumps: 
330 278 254 263 265 267 273 268 270 258 261 253 276 251 274 249 
print trail: 
1 229 278 23 57 65 281 341 25 253 339 330 254 2 263 11 265 13 309 299 267 15 273 17 268 50 270 258 6 261 9 276 220 172 19 48 142 130 151 165 137 100 123 108 
print trail: 
1 229 278 23 57 65 281 341 25 253 339 
print assumps: 
332 270 258 276 251 
print trail: 
1 229 278 23 57 65 281 341 25 253 339 331 
print trail: 
1 229 278 23 57 65 281 341 25 253 339 331 332 251 276 258 6 
print trail: 
1 229 278 23 57 65 281 341 25 253 339 331 
print assumps: 
334 258 276 251 
print trail: 
1 229 278 23 57 65 281 341 25 253 339 331 333 
print trail: 
1 229 278 331 356 3 255 5 257 6 258 
print trail: 
1 229 278 331 
print assumps: 
336 270 276 251 
print trail: 
1 229 278 23 57 65 281 341 25 253 339 331 333 335 336 270 50 276 220 172 19 48 142 130 43 100 27 71 28 268 274 251 7 21 259 109 248 103 31 
print trail: 
1 229 278 23 57 65 281 341 25 253 339 331 333 335 
print trail: 
1 229 278 331 357 
print assumps: 
336 278 255 256 263 265 267 273 259 261 253 276 251 274 249 
print trail: 
1 229 278 21 57 65 23 251 41 43 47 281 339 331 25 253 336 255 3 256 4 263 11 265 13 308 267 15 299 273 17 259 7 261 9 276 
print trail: 
1 229 278 21 57 65 23 251 41 43 47 281 339 331 25 253 
print assumps: 
342 265 267 276 274 
print trail: 
1 229 278 23 57 65 281 341 25 253 339 331 333 335 337 342 265 13 267 15 276 274 71 50 220 172 19 48 142 130 151 165 100 
print trail: 
1 229 278 23 57 65 281 341 25 253 339 331 333 335 337 342 265 13 267 15 276 
print trail: 
1 229 278 23 57 65 281 341 25 253 339 331 333 335 337 
print assumps: 
340 265 267 276 274 
print trail: 
1 229 278 57 65 25 253 340 265 13 267 15 276 274 71 50 220 172 19 48 142 130 151 165 100 
print trail: 
1 229 278 57 65 25 253 340 265 13 267 15 276 
print trail: 
1 229 278 57 65 25 253 
print assumps: 
338 274 276 267 
print trail: 
1 229 278 57 65 25 253 341 
print assumps: 
336 274 276 265 
print trail: 
1 229 278 57 65 25 253 341 339 
print assumps: 
334 274 267 265 
print trail: 
1 229 278 57 65 25 253 341 339 337 
print assumps: 
344 270 251 276 
print trail: 
1 229 278 23 57 65 281 341 25 253 339 331 333 335 337 343 
print trail: 
1 229 278 331 357 333 334 3 255 5 257 7 259 9 261 11 263 13 265 308 14 266 299 281 17 273 19 231 233 235 237 239 241 243 245 246 50 27 28 35 44 71 274 270 41 43 31 33 25 65 190 100 268 37 39 203 23 57 253 48 220 21 248 251 277 173 
print trail: 
1 229 278 331 357 333 
print assumps: 
334 278 255 256 272 253 251 276 249 275 
print trail: 
1 229 278 21 57 65 23 251 41 43 47 281 339 331 25 253 337 334 255 3 256 4 272 16 276 249 51 275 271 269 102 44 123 109 137 71 172 142 130 11 100 9 7 263 261 259 48 220 19 299 
print trail: 
1 229 278 21 57 65 23 251 41 43 47 281 339 331 25 253 337 
print assumps: 
346 270 258 251 
print trail: 
1 229 278 23 57 65 281 25 253 
print trail: 
1 229 278 331 357 333 335 
print assumps: 
332 278 255 272 251 249 
print trail: 
1 229 278 21 57 65 23 251 41 43 47 281 339 331 25 253 337 335 
print assumps: 
332 270 258 251 276 
print trail: 
1 229 278 57 65 25 253 341 339 337 335 
print assumps: 
330 278 254 263 273 268 261 253 265 267 270 258 249 251 274 276 
print trail: 
1 229 278 57 65 25 253 
print assumps: 
332 268 251 
print trail: 
1 229 278 57 65 25 253 331 
print trail: 
1 229 278 331 357 333 335 337 
print assumps: 
344 278 255 272 253 249 251 
print trail: 
1 229 278 23 57 65 281 25 253 347 344 255 3 272 16 249 251 
print trail: 
1 229 278 23 57 65 281 25 253 347 
print assumps: 
334 268 249 
print trail: 
1 229 278 57 65 25 253 331 333 
print trail: 
1 229 278 331 357 333 335 337 339 
print assumps: 
342 278 255 272 253 248 
print trail: 
1 229 278 23 57 65 281 25 253 347 345 
print trail: 
1 229 278 57 65 25 253 331 333 335 
print trail: 
1 229 278 331 357 333 335 337 339 341 
print assumps: 
336 278 255 256 263 272 261 253 265 266 258 274 276 251 249 
print trail: 
1 229 278 23 57 65 281 25 253 347 345 343 336 255 3 256 4 263 11 272 16 261 9 265 13 308 266 14 298 258 6 274 71 50 276 172 220 142 130 164 151 19 48 137 100 108 123 
print trail: 
1 229 278 23 57 65 281 25 253 347 345 343 
print assumps: 
334 274 276 251 
print trail: 
1 229 278 23 57 65 281 25 253 
print trail: 
1 229 278 331 357 333 335 337 339 341 343 344 3 255 4 256 7 259 9 261 11 263 13 265 308 14 266 16 272 19 231 233 235 237 239 241 243 245 246 50 27 28 35 44 71 274 270 33 25 65 190 100 268 37 38 164 202 43 41 30 47 102 151 137 142 48 220 23 57 123 253 298 
print trail: 
1 229 278 331 357 333 335 337 339 341 343 
print assumps: 
340 278 255 256 272 253 275 276 251 249 
print trail: 
1 229 278 21 57 65 23 251 41 43 47 281 339 331 25 253 337 335 333 
print assumps: 
336 276 251 
print trail: 
1 229 278 23 57 65 281 25 253 335 
print trail: 
1 229 278 331 357 333 335 337 339 341 343 345 346 3 255 4 256 
print trail: 
1 229 278 331 357 333 335 337 339 341 343 345 
print assumps: 
342 258 276 251 
print trail: 
1 229 278 23 57 65 281 25 253 335 337 
print trail: 
1 229 278 331 357 333 335 337 339 341 343 345 347 348 3 255 4 256 6 258 
print trail: 
1 229 278 331 357 333 335 337 339 341 343 345 347 
print assumps: 
344 258 274 251 
print trail: 
1 229 278 23 57 65 281 25 253 335 337 343 
print trail: 
1 229 278 331 357 333 335 337 339 341 343 345 347 349 
print assumps: 
342 278 272 251 249 
print trail: 
1 229 278 21 57 65 23 251 41 43 47 281 25 253 
print assumps: 
336 258 274 276 251 
print trail: 
1 229 278 57 65 25 253 331 333 335 336 258 6 274 71 50 276 220 172 19 48 142 130 100 108 
print trail: 
1 229 278 57 65 25 253 331 333 335 
print trail: 
1 229 278 57 65 25 253 331 333 335 337 
print assumps: 
340 248 
print trail: 
1 229 278 21 57 65 23 251 41 43 47 281 25 253 343 
print assumps: 
332 268 
print trail: 
1 229 278 21 57 65 23 251 41 43 47 281 25 253 343 341 
print assumps: 
334 274 
print trail: 
1 229 278 21 57 65 23 251 41 43 47 281 25 253 
print assumps: 
346 250 
print trail: 
1 229 278 23 57 65 281 25 253 
print assumps: 
344 270 249 
print trail: 
1 229 278 23 57 65 281 25 253 347 
print assumps: 
342 258 274 276 
print trail: 
1 229 278 23 57 65 281 25 253 347 345 
print assumps: 
338 248 250 
print trail: 
1 229 278 57 65 25 253 331 333 335 337 281 
print assumps: 
340 260 274 276 
print trail: 
1 229 278 57 65 25 253 281 340 260 8 274 71 50 276 220 172 19 48 142 130 100 122 
print trail: 
1 229 278 57 65 25 253 281 
print assumps: 
338 270 258 276 251 
print trail: 
1 229 278 57 65 25 253 281 341 338 270 50 258 6 276 220 172 19 48 142 130 100 108 
print trail: 
1 229 278 57 65 25 253 281 341 
print trail: 
1 229 278 25 65 280 246 276 270 268 274 298 50 71 308 220 172 19 48 142 130 100 3 255 265 13 151 329 327 325 323 321 319 317 315 313 311 307 305 303 301 297 295 293 291 289 287 285 283 273 17 267 15 257 165 5 
print trail: 
1 229 278 25 65 280 246 276 270 268 274 298 50 71 308 220 172 19 48 142 130 100 3 255 265 13 151 
print trail: 
1 229 278 25 65 280 246 276 270 268 274 298 50 71 308 220 172 19 48 142 130 100 3 255 265 13 151 164 14 266 256 4 102 47 44 137 27 28 11 263 253 57 
print trail: 
1 229 278 25 65 280 246 276 270 268 274 298 50 71 308 220 172 19 48 142 130 100 
print trail: 
1 229 278 25 65 
print trail: 
1 229 278 331 
print assumps: 
336 278 255 256 263 272 260 253 265 266 258 249 274 276 250 
print trail: 
1 229 278 57 65 25 253 281 341 339 336 255 3 256 4 263 11 272 16 260 8 265 13 308 266 14 298 258 6 249 274 71 50 20 250 23 
print trail: 
1 229 278 57 65 25 253 281 341 339 
print assumps: 
334 249 274 276 
print trail: 
1 229 278 57 65 25 253 281 341 339 337 
print trail: 
1 229 278 331 351 
print assumps: 
336 278 256 263 273 261 253 265 266 259 248 274 276 
print trail: 
1 229 278 23 57 65 281 25 253 347 345 343 
print assumps: 
332 274 276 
print trail: 
1 229 278 57 65 25 253 281 341 339 337 335 
print trail: 
1 229 278 331 351 349 
print assumps: 
334 278 255 256 272 253 266 248 275 276 251 
print trail: 
1 229 278 23 57 65 281 25 253 
print assumps: 
330 276 
print trail: 
1 229 278 57 65 25 253 281 341 339 337 335 333 
print trail: 
1 229 278 331 351 349 347 
print assumps: 
342 260 274 276 
print trail: 
1 229 278 57 65 25 253 281 
print trail: 
1 229 278 331 351 349 347 345 
print assumps: 
336 278 254 256 272 253 266 249 275 276 250 
print trail: 
1 229 278 23 57 65 281 25 253 335 
print assumps: 
330 260 249 276 
print trail: 
1 229 278 57 65 25 253 281 343 330 260 8 249 276 102 47 44 137 71 
print trail: 
1 229 278 57 65 25 253 281 343 
print trail: 
1 229 278 331 351 349 347 345 343 340 3 255 4 256 7 259 8 260 
print trail: 
1 229 278 331 351 349 347 345 343 
print assumps: 
330 260 249 274 276 
print trail: 
1 229 278 25 65 
print assumps: 
332 278 255 256 263 272 253 265 266 260 258 250 249 274 276 
print trail: 
1 229 278 25 65 331 332 255 3 256 4 263 11 272 16 253 265 13 308 266 14 298 260 8 258 6 250 50 57 249 281 20 23 274 71 
print trail: 
1 229 278 25 65 331 
print assumps: 
334 258 250 249 274 276 
print trail: 
1 229 278 25 65 331 333 334 258 6 250 50 57 253 249 281 20 23 274 71 276 220 172 9 19 48 142 130 261 123 100 108 
print trail: 
1 229 278 25 65 331 333 
print trail: 
1 229 278 331 351 349 347 345 343 341 
print assumps: 
332 278 255 256 272 253 266 258 251 248 275 276 
print trail: 
1 229 278 57 65 25 253 281 343 331 
print assumps: 
336 258 276 
print trail: 
1 229 278 25 65 
print trail: 
1 229 278 331 351 349 347 345 343 341 339 
print assumps: 
334 255 256 272 253 266 251 248 275 276 
print trail: 
1 229 278 57 65 25 253 281 343 331 333 
print assumps: 
334 276 
print trail: 
1 229 278 25 65 337 
print trail: 
1 229 278 331 351 349 347 345 343 341 339 337 
print assumps: 
332 260 250 249 274 276 
print trail: 
1 229 278 25 65 337 335 
print trail: 
1 229 278 331 351 349 347 345 343 341 339 337 335 
print assumps: 
336 278 256 263 272 253 265 266 260 259 251 248 274 276 
print trail: 
1 229 278 57 65 25 253 281 
print assumps: 
330 260 251 248 274 276 
print trail: 
1 229 278 25 65 337 335 333 330 260 8 251 281 248 50 21 57 253 23 41 274 71 
print trail: 
1 229 278 25 65 337 335 333 
print assumps: 
338 276 274 248 251 
print trail: 
1 229 278 25 65 337 335 333 331 
print assumps: 
340 276 274 248 260 
print trail: 
1 229 278 25 65 340 276 274 71 50 220 172 19 48 142 130 100 248 21 57 253 260 8 122 22 250 
print trail: 
1 229 278 25 65 
print assumps: 
338 276 274 251 260 
print trail: 
1 229 278 25 65 341 
print assumps: 
330 260 250 249 274 276 
print trail: 
1 229 278 25 65 341 339 330 260 8 250 50 57 253 249 20 23 274 71 
print trail: 
1 229 278 25 65 341 339 
print trail: 
1 229 278 25 65 341 339 
print assumps: 
332 260 249 274 276 
print trail: 
1 229 278 25 65 341 339 331 
print trail: 
1 229 278 331 351 349 347 345 343 341 339 337 335 333 
print assumps: 
334 278 256 263 272 253 265 266 259 260 250 248 274 276 
print trail: 
1 229 278 57 65 25 253 281 337 
print assumps: 
334 260 274 276 
print trail: 
1 229 278 25 65 341 339 331 333 334 260 8 274 71 50 276 220 172 19 48 142 130 100 122 
print trail: 
1 229 278 25 65 341 339 331 333 
print trail: 
1 229 278 331 
print assumps: 
332 278 255 256 272 253 266 260 250 248 275 276 
print trail: 
1 229 278 57 65 25 253 281 337 335 
print assumps: 
336 260 276 
print trail: 
1 229 278 25 65 
print trail: 
1 229 278 331 353 
print assumps: 
330 255 256 272 253 266 250 248 275 276 
print trail: 
1 229 278 57 65 25 253 281 337 335 333 
print assumps: 
334 260 250 274 276 
print trail: 
1 229 278 25 65 337 
print trail: 
1 229 278 331 353 357 
print assumps: 
342 278 255 256 272 253 266 250 249 275 276 
print trail: 
1 229 278 57 65 25 253 281 337 335 333 331 
print assumps: 
332 260 250 249 276 
print trail: 
1 229 278 25 65 337 335 
print trail: 
1 229 278 331 353 357 333 
print assumps: 
338 278 256 263 273 253 265 266 259 260 251 248 276 
print trail: 
1 229 278 57 65 25 253 281 
print trail: 
1 229 278 25 65 337 335 333 280 246 276 270 268 274 298 103 50 71 308 220 172 19 48 142 130 100 
print trail: 
1 229 278 25 65 337 335 333 
print trail: 
1 229 278 331 353 357 333 335 
print assumps: 
342 278 256 262 273 253 265 266 270 268 259 261 250 248 274 276 
print trail: 
1 229 278 57 65 25 253 281 339 
print trail: 
1 229 278 331 353 357 333 335 337 
print assumps: 
342 278 255 256 262 273 253 265 266 270 259 261 250 249 274 276 
print trail: 
1 229 278 23 57 65 281 25 253 335 337 
print trail: 
1 229 278 331 353 357 333 335 337 339 
print assumps: 
332 278 255 256 262 273 253 265 266 259 261 251 248 274 276 
print trail: 
1 229 278 21 57 65 23 251 41 43 47 281 25 253 335 
print assumps: 
340 256 262 265 248 274 276 
print trail: 
1 229 278 21 57 65 23 251 41 43 47 281 25 253 335 333 
print trail: 
1 229 278 21 57 65 23 251 41 43 47 281 25 253 335 333 
print assumps: 
342 274 276 
print trail: 
1 229 278 21 57 65 23 251 41 43 47 281 25 253 335 333 341 
print trail: 
1 229 278 331 353 357 333 335 337 339 341 
print assumps: 
336 276 
print trail: 
1 229 278 21 57 65 23 251 41 43 47 281 25 253 335 333 341 343 
print trail: 
1 229 278 331 353 357 333 335 337 339 341 343 
print assumps: 
330 262 276 
print trail: 
1 229 278 21 57 65 23 251 41 43 47 281 25 253 
print trail: 
1 229 278 331 353 357 333 335 337 339 341 343 345 
print assumps: 
336 262 274 
print trail: 
1 229 278 21 57 65 23 251 41 43 47 281 25 253 331 
print trail: 
1 229 278 331 353 357 333 335 337 339 341 343 345 347 
print assumps: 
344 262 274 276 
print trail: 
1 229 278 23 57 65 281 25 253 335 337 343 344 262 10 299 274 71 50 
print trail: 
1 229 278 23 57 65 281 25 253 335 337 343 
print assumps: 
330 262 274 276 
print trail: 
1 229 278 57 65 25 253 281 339 343 330 262 10 299 274 71 50 
print trail: 
1 229 278 57 65 25 253 281 339 343 
print assumps: 
330 262 274 276 
print trail: 
1 229 278 25 65 330 262 10 274 71 50 
print trail: 
1 229 278 25 65 
print assumps: 
346 278 255 256 273 253 265 266 262 270 259 261 250 249 274 276 
print trail: 
1 229 278 23 57 65 281 25 253 335 337 343 345 346 255 3 256 4 273 17 265 13 308 266 14 262 10 299 270 50 259 7 261 9 250 20 249 274 71 
print trail: 
1 229 278 23 57 65 281 25 253 335 337 343 345 
print assumps: 
332 270 274 276 
print trail: 
1 229 278 23 57 65 281 25 253 
print trail: 
1 229 278 331 353 357 333 335 337 339 341 343 345 347 349 
print assumps: 
342 278 255 256 273 253 265 266 263 259 261 274 276 
print trail: 
1 229 278 21 57 65 23 251 41 43 47 281 25 253 331 337 
print assumps: 
346 274 276 
print trail: 
1 229 278 23 57 65 281 25 253 333 
print trail: 
1 229 278 331 
print assumps: 
340 278 255 256 272 253 251 249 275 276 
print trail: 
1 229 278 21 57 65 23 251 41 43 47 281 25 253 
print assumps: 
344 276 
print trail: 
1 229 278 23 57 65 281 25 253 333 347 
print trail: 
1 229 278 331 355 
print assumps: 
342 262 274 276 
print trail: 
1 229 278 23 57 65 281 25 253 333 347 345 
print trail: 
1 229 278 23 57 65 281 25 253 333 347 345 
print assumps: 
336 262 276 
print trail: 
1 229 278 23 57 65 281 25 253 333 347 345 343 
print trail: 
1 229 278 331 355 351 
print assumps: 
334 262 274 
print trail: 
1 229 278 23 57 65 281 25 253 
print trail: 
1 229 278 331 355 351 349 
print assumps: 
342 278 272 
print trail: 
1 229 278 21 57 65 23 251 41 43 47 281 25 253 341 
print assumps: 
332 262 274 276 
print trail: 
1 229 278 57 65 25 253 281 339 343 331 332 262 10 299 274 71 50 
print trail: 
1 229 278 57 65 25 253 281 339 343 331 
print assumps: 
332 262 274 276 
print trail: 
1 229 278 25 65 331 332 262 10 274 71 50 
print trail: 
1 229 278 25 65 331 
print assumps: 
334 278 256 273 253 265 266 262 270 268 259 261 250 248 274 276 
print trail: 
1 229 278 57 65 25 253 281 339 343 331 333 
print assumps: 
336 270 274 276 
print trail: 
1 229 278 57 65 25 253 281 339 343 331 333 335 
print trail: 
1 229 278 331 355 351 349 347 
print assumps: 
336 278 255 256 273 253 265 266 263 259 261 274 276 
print trail: 
1 229 278 23 57 65 281 25 253 335 
print assumps: 
340 274 276 
print trail: 
1 229 278 57 65 25 253 281 339 343 331 333 335 337 
print trail: 
1 229 278 331 355 351 349 347 345 
print assumps: 
342 278 255 256 272 253 266 250 249 275 276 
print trail: 
1 229 278 23 57 65 281 25 253 335 337 
print assumps: 
344 276 
print trail: 
1 229 278 57 65 25 253 281 
print trail: 
1 229 278 331 355 351 349 347 345 343 
print assumps: 
340 262 274 276 
print trail: 
1 229 278 57 65 25 253 281 345 
print trail: 
1 229 278 57 65 25 253 281 345 
print assumps: 
336 262 276 
print trail: 
1 229 278 57 65 25 253 281 345 341 
print trail: 
1 229 278 331 355 351 349 347 345 343 341 
print assumps: 
334 262 274 
print trail: 
1 229 278 57 65 25 253 281 345 341 337 
print trail: 
1 229 278 331 355 351 349 347 345 343 341 339 
print assumps: 
344 278 272 
print trail: 
1 229 278 23 57 65 281 25 253 335 337 343 
print assumps: 
334 262 274 276 
print trail: 
1 229 278 25 65 331 333 
print trail: 
1 229 278 25 65 331 333 335 
print assumps: 
336 248 
print trail: 
1 229 278 21 57 65 23 251 41 43 47 281 25 253 341 343 
print assumps: 
330 268 
print trail: 
1 229 278 21 57 65 23 251 41 43 47 281 25 253 
print assumps: 
336 274 
print trail: 
1 229 278 21 57 65 23 251 41 43 47 281 25 253 331 
print assumps: 
346 250 
print trail: 
1 229 278 23 57 65 281 25 253 
print assumps: 
344 270 249 
print trail: 
1 229 278 23 57 65 281 25 253 347 
print assumps: 
342 258 274 276 
print trail: 
1 229 278 23 57 65 281 25 253 347 345 
print assumps: 
332 250 248 
print trail: 
1 229 278 57 65 25 253 281 345 341 337 335 
print assumps: 
330 260 274 276 
print trail: 
1 229 278 57 65 25 253 281 
print assumps: 
336 252 
print trail: 
1 229 278 25 65 331 333 335 281 
print assumps: 
338 268 251 249 
print trail: 
1 229 278 25 65 331 333 335 281 337 
print assumps: 
340 260 249 274 276 
print trail: 
1 229 278 25 65 331 333 335 281 337 339 
print assumps: 
342 270 258 251 276 
print trail: 
1 229 278 25 65 331 333 335 281 337 339 341 
print assumps: 
344 258 251 274 276 
print trail: 
1 229 278 25 65 281 
print assumps: 
342 265 267 274 276 
print trail: 
1 229 278 25 65 281 345 342 265 13 267 15 274 71 50 
print trail: 
1 229 278 25 65 281 345 
print trail: 
1 229 278 280 246 276 270 268 274 298 50 71 308 220 172 19 48 142 130 100 3 255 265 13 151 329 327 325 323 321 319 317 315 313 311 307 305 303 301 297 295 293 291 289 287 285 283 273 17 267 15 257 165 5 
print trail: 
1 229 278 280 246 276 270 268 274 298 50 71 308 220 172 19 48 142 130 100 3 255 265 13 151 
print trail: 
1 229 278 280 246 276 270 268 274 298 50 71 308 220 172 19 48 142 130 100 3 255 265 13 151 164 14 266 256 4 102 47 44 27 28 65 
print trail: 
1 229 278 280 246 276 270 268 274 298 50 71 308 220 172 19 48 142 130 100 
print trail: 
1 229 278 
print trail: 
1 229 278 331 355 351 349 347 345 343 341 339 337 
print assumps: 
340 278 255 256 272 253 265 266 263 258 261 251 249 274 276 
print trail: 
1 229 278 25 65 281 345 343 340 255 3 256 4 272 16 253 265 13 308 266 14 263 11 298 258 6 261 9 251 249 
print trail: 
1 229 278 25 65 281 345 343 
print assumps: 
338 251 249 274 
print trail: 
1 229 278 25 65 281 345 343 341 
print trail: 
1 229 278 331 355 351 349 347 345 343 341 339 337 335 
print assumps: 
332 278 250 248 274 
print trail: 
1 229 278 57 65 25 253 281 331 
print assumps: 
336 274 
print trail: 
1 229 278 25 65 281 345 343 341 339 
print trail: 
1 229 278 331 355 351 349 347 345 343 341 339 337 335 333 
print assumps: 
334 278 272 
print trail: 
1 229 278 57 65 25 253 281 331 333 334 272 16 47 102 44 137 71 51 275 271 269 249 251 48 276 22 21 122 109 172 142 130 11 100 8 7 263 260 259 220 19 33 31 35 190 164 28 14 266 150 26 12 264 43 37 38 202 299 
print trail: 
1 229 278 57 65 25 253 281 331 333 
print assumps: 
334 253 249 274 
print trail: 
1 229 278 25 65 281 345 343 341 339 337 
print trail: 
1 229 278 331 355 351 349 347 345 343 341 339 337 335 333 357 
print assumps: 
336 278 272 253 251 248 
print trail: 
1 229 278 57 65 25 253 281 331 333 335 
print assumps: 
332 253 251 274 
print trail: 
1 229 278 25 65 281 
print trail: 
1 229 278 331 355 351 349 347 345 343 341 339 337 335 333 357 353 
print assumps: 
340 278 272 253 251 249 
print trail: 
1 229 278 57 65 25 253 281 340 272 16 251 249 
print trail: 
1 229 278 57 65 25 253 281 
print assumps: 
330 253 251 249 274 
print trail: 
1 229 278 
print assumps: 
332 278 255 256 272 265 266 263 253 258 261 251 249 276 274 
print trail: 
1 229 278 331 
print trail: 
1 229 278 331 360 3 255 4 256 6 258 9 261 11 263 13 265 308 14 266 16 272 19 231 233 235 237 239 241 243 245 246 50 26 100 28 44 71 274 37 38 164 202 35 43 41 269 281 24 191 30 33 22 20 249 56 108 251 64 253 270 298 277 48 220 173 
print trail: 
1 229 278 331 
print assumps: 
334 278 254 256 272 265 266 263 252 258 261 250 248 276 274 
print trail: 
1 229 278 25 65 281 333 
print assumps: 
336 250 
print trail: 
1 229 278 25 65 281 333 335 
print trail: 
1 229 278 331 361 
print assumps: 
336 278 251 248 
print trail: 
1 229 278 57 65 25 253 281 341 
print assumps: 
338 252 
print trail: 
1 229 278 25 65 281 333 335 337 
print trail: 
1 229 278 331 361 359 
print assumps: 
334 278 253 250 248 
print trail: 
1 229 278 57 65 25 253 281 341 337 
print assumps: 
334 252 250 
print trail: 
1 229 278 331 333 
print assumps: 
336 278 255 256 272 265 266 263 258 253 261 249 276 251 274 
print trail: 
1 229 278 336 255 3 256 4 272 16 265 13 308 266 14 263 11 258 6 253 298 261 9 249 281 276 251 
print trail: 
1 229 278 
print assumps: 
334 249 251 274 
print trail: 
1 229 278 337 
print trail: 
1 229 278 331 361 359 353 
print assumps: 
340 278 272 248 250 
print trail: 
1 229 278 25 65 281 333 335 337 339 
print assumps: 
332 253 251 274 
print trail: 
1 229 278 337 335 
print trail: 
1 229 278 331 361 359 353 357 
print assumps: 
342 278 272 253 249 251 
print trail: 
1 229 278 25 65 281 
print assumps: 
330 253 249 274 
print trail: 
1 229 278 337 335 333 
print trail: 
1 229 278 331 361 359 353 357 333 
print assumps: 
340 278 272 253 248 251 
print trail: 
1 229 278 25 65 281 343 
print assumps: 
338 278 254 256 272 265 266 263 258 261 252 276 248 250 274 
print trail: 
1 229 278 337 335 333 331 
print assumps: 
340 248 250 
print trail: 
1 229 278 337 335 333 331 339 
print trail: 
1 229 278 331 361 359 353 357 333 335 
print assumps: 
338 278 249 250 
print trail: 
1 229 278 25 65 281 343 341 
print assumps: 
342 250 
print trail: 
1 229 278 
print trail: 
1 229 278 331 361 359 353 357 333 335 337 
print assumps: 
336 278 248 251 
print trail: 
1 229 278 25 65 281 343 341 339 
print assumps: 
340 252 250 
print trail: 
1 229 278 343 
print trail: 
1 229 278 331 361 359 353 357 333 335 337 339 340 2 254 4 256 6 258 9 261 11 263 13 265 309 299 281 14 266 16 272 19 231 233 235 237 239 241 243 245 246 50 27 28 44 71 274 270 37 38 164 202 35 43 41 30 33 24 191 48 220 20 249 108 
print trail: 
1 229 278 331 361 359 353 357 333 335 337 339 
print assumps: 
334 278 252 248 251 
print trail: 
1 229 278 25 65 281 343 341 339 337 
print assumps: 
338 252 248 
print trail: 
1 229 278 343 341 
print assumps: 
332 248 
print trail: 
1 229 278 25 65 281 
print assumps: 
334 252 
print trail: 
1 229 278 25 65 281 333 
print assumps: 
330 252 250 
print trail: 
1 229 278 343 341 339 330 252 50 65 
print trail: 
1 229 278 343 341 339 
print trail: 
1 229 278 343 341 339 
print assumps: 
332 252 
print trail: 
1 229 278 343 341 339 331 
print trail: 
1 229 278 331 361 359 353 357 333 335 337 339 341 
print assumps: 
336 278 253 250 248 
print trail: 
1 229 278 25 65 281 333 335 
print trail: 
1 229 278 280 246 276 270 268 274 298 103 50 71 308 220 172 19 48 142 130 100 
print trail: 
1 229 278 280 246 276 270 268 274 298 103 50 71 308 220 172 19 48 142 130 100 46 35 137 11 263 253 
print trail: 
1 229 278 
print assumps: 
342 248 
print trail: 
1 229 278 21 57 65 23 251 41 43 47 281 25 253 331 337 
print assumps: 
340 268 
print trail: 
1 229 278 21 57 65 23 251 41 43 47 281 25 253 
print assumps: 
342 274 
print trail: 
1 229 278 21 57 65 23 251 41 43 47 281 25 253 341 
print assumps: 
336 250 
print trail: 
1 229 278 23 57 65 281 25 253 347 345 343 
print assumps: 
334 270 249 
print trail: 
1 229 278 23 57 65 281 25 253 
print assumps: 
336 258 276 274 
print trail: 
1 229 278 23 57 65 281 25 253 335 
print assumps: 
332 248 250 
print trail: 
1 229 278 57 65 25 253 281 341 337 335 
print assumps: 
330 260 276 274 
print trail: 
1 229 278 57 65 25 253 281 
print assumps: 
338 252 
print trail: 
1 229 278 25 65 281 333 335 337 
print assumps: 
340 268 249 251 
print trail: 
1 229 278 25 65 281 333 335 337 339 
print assumps: 
342 260 276 249 274 
print trail: 
1 229 278 25 65 281 
print assumps: 
340 270 258 276 251 
print trail: 
1 229 278 25 65 281 343 
print assumps: 
338 258 276 274 251 
print trail: 
1 229 278 25 65 281 343 341 
print assumps: 
332 252 248 
print trail: 
1 229 278 281 
print assumps: 
330 262 276 274 
print trail: 
1 229 278 281 333 330 262 10 276 274 71 50 220 172 19 48 142 130 136 100 
print trail: 
1 229 278 281 333 
print assumps: 
338 265 267 276 274 
print trail: 
1 229 278 281 333 331 338 265 13 267 15 276 
print trail: 
1 229 278 281 333 331 
print assumps: 
340 260 276 248 274 251 
print trail: 
1 229 278 281 333 331 339 
print assumps: 
342 260 276 249 274 250 
print trail: 
1 229 278 281 333 331 339 341 342 260 8 276 249 274 71 50 220 172 20 19 48 142 130 25 100 122 65 
print trail: 
1 229 278 281 333 331 339 341 
print trail: 
1 229 278 280 246 276 270 268 274 298 50 71 308 220 172 19 48 142 130 100 3 255 265 13 151 329 327 325 323 321 319 317 315 313 311 307 305 303 301 297 295 293 291 289 287 285 283 273 17 267 15 257 165 5 263 11 253 137 
print trail: 
1 229 278 280 246 276 270 268 274 298 50 71 308 220 172 19 48 142 130 100 3 255 265 13 151 329 327 325 323 321 319 317 315 313 311 307 305 303 301 297 295 293 291 289 287 285 283 273 17 267 15 257 165 5 
print trail: 
1 229 278 280 246 276 270 268 274 298 50 71 308 220 172 19 48 142 130 100 3 255 265 13 151 
print trail: 
1 229 278 280 246 276 270 268 274 298 50 71 308 220 172 19 48 142 130 100 3 255 265 13 151 164 14 266 256 4 102 47 44 27 28 65 
print trail: 
1 229 278 280 246 276 270 268 274 298 50 71 308 220 172 19 48 142 130 100 
print trail: 
1 229 278 280 246 276 270 268 274 298 50 71 308 220 172 19 48 142 130 100 103 6 258 108 248 30 21 57 65 164 14 38 266 256 4 151 13 37 265 255 3 28 202 27 44 46 
print trail: 
1 229 278 
print trail: 
1 229 278 331 361 359 353 357 333 335 337 339 341 343 
print assumps: 
334 278 255 256 272 265 266 262 258 261 252 276 249 274 251 
print trail: 
1 229 278 281 333 331 339 341 343 
print assumps: 
336 252 276 249 274 
print trail: 
1 229 278 281 
print trail: 
1 229 278 331 
print assumps: 
336 278 256 273 265 266 263 258 261 253 276 248 274 250 
print trail: 
1 229 278 25 65 281 343 341 339 336 256 4 273 17 265 13 266 14 263 11 258 6 261 9 253 276 248 50 21 220 172 57 19 48 142 130 151 164 137 100 108 123 103 35 30 33 37 38 190 274 71 22 250 
print trail: 
1 229 278 25 65 281 343 341 339 
print assumps: 
334 276 274 
print trail: 
1 229 278 281 337 
print trail: 
1 229 278 331 347 
print assumps: 
334 278 255 256 272 266 258 253 276 248 275 250 
print trail: 
1 229 278 25 65 281 343 341 339 337 
print assumps: 
342 276 
print trail: 
1 229 278 281 337 335 
print trail: 
1 229 278 331 347 345 
print assumps: 
340 262 276 249 274 
print trail: 
1 229 278 281 337 335 343 340 262 10 276 249 
print trail: 
1 229 278 281 337 335 343 
print trail: 
1 229 278 281 337 335 343 
print assumps: 
338 262 249 274 
print trail: 
1 229 278 281 337 335 343 341 
print trail: 
1 229 278 331 347 345 343 
print assumps: 
332 278 272 248 
print trail: 
1 229 278 25 65 281 
print assumps: 
330 262 276 274 
print trail: 
1 229 278 281 330 262 10 276 274 71 50 248 220 172 21 19 48 142 130 57 136 100 65 
print trail: 
1 229 278 281 
print trail: 
1 229 278 331 347 345 343 341 
print assumps: 
334 278 255 256 272 266 262 252 276 249 275 251 
print trail: 
1 229 278 25 65 281 333 
print assumps: 
338 262 276 
print trail: 
1 229 278 281 331 
print trail: 
1 229 278 331 347 345 343 341 339 
print assumps: 
336 255 256 272 266 252 276 249 275 251 
print trail: 
1 229 278 25 65 281 333 335 
print assumps: 
340 262 276 249 
print trail: 
1 229 278 281 331 339 
print trail: 
1 229 278 331 347 345 343 341 339 337 334 3 255 5 257 7 259 9 261 10 262 
print trail: 
1 229 278 331 347 345 343 341 339 337 
print assumps: 
330 262 276 249 274 
print trail: 
1 229 278 
print assumps: 
332 278 255 256 272 265 266 262 258 261 252 276 251 249 274 
print trail: 
1 229 278 331 
print trail: 
1 229 278 331 347 345 343 341 339 337 335 332 3 255 4 256 6 258 9 261 10 262 13 265 308 14 266 16 272 19 231 233 235 237 239 241 243 245 246 50 27 28 44 71 274 270 37 38 164 202 43 41 34 30 33 25 65 191 100 268 48 220 22 20 249 108 56 281 251 252 298 277 173 
print trail: 
1 229 278 331 347 345 343 341 339 337 335 
print assumps: 
342 278 256 272 265 266 262 258 261 253 276 250 248 274 
print trail: 
1 229 278 281 331 339 341 
print assumps: 
334 253 276 250 274 
print trail: 
1 229 278 281 331 339 341 343 
print trail: 
1 229 278 331 347 345 343 341 339 337 335 333 
print assumps: 
338 278 254 256 273 265 266 263 258 261 253 276 251 248 274 
print trail: 
1 229 278 25 65 281 333 335 337 
print assumps: 
336 258 253 276 251 248 274 
print trail: 
1 229 278 281 
print assumps: 
334 258 253 276 251 248 274 
print trail: 
1 229 278 331 333 
print assumps: 
336 274 248 251 276 253 
print trail: 
1 229 278 
print assumps: 
334 274 248 251 276 258 
print trail: 
1 229 278 337 334 274 71 50 248 21 57 65 251 23 276 220 172 19 48 142 130 100 258 6 108 103 30 
print trail: 
1 229 278 337 
print assumps: 
332 274 248 251 253 258 
print trail: 
1 229 278 337 335 
print assumps: 
334 253 276 250 274 
print trail: 
1 229 278 281 337 
print trail: 
1 229 278 331 347 345 343 341 339 337 335 333 357 
print assumps: 
340 278 254 256 273 265 266 263 261 259 253 276 251 248 274 
print trail: 
1 229 278 25 65 281 333 335 337 339 
print assumps: 
342 253 276 274 
print trail: 
1 229 278 281 337 335 342 253 276 274 71 50 220 172 19 48 142 130 100 
print trail: 
1 229 278 281 337 335 
print trail: 
1 229 278 331 347 345 343 341 339 337 335 333 357 353 358 2 254 4 256 7 259 9 261 11 263 13 265 309 299 281 14 266 16 272 19 231 233 235 237 239 241 243 245 246 50 27 28 44 71 274 270 37 38 164 202 43 41 35 33 31 25 65 190 100 268 48 220 23 57 253 277 173 
print trail: 
1 229 278 331 347 345 343 341 339 337 335 333 357 353 
print assumps: 
342 278 255 256 272 265 266 263 261 259 253 276 251 249 
print trail: 
1 229 278 25 65 281 
print assumps: 
340 253 276 
print trail: 
1 229 278 281 337 335 343 
print trail: 
1 229 278 331 360 2 254 4 256 
print trail: 
1 229 278 331 
print assumps: 
338 262 276 250 274 
print trail: 
1 229 278 281 337 335 343 341 
print trail: 
1 229 278 281 337 335 343 341 338 274 71 50 250 57 253 65 25 276 220 172 19 48 142 130 100 
print trail: 
1 229 278 281 337 335 343 341 
print assumps: 
330 262 250 274 
print trail: 
1 229 278 281 337 335 343 341 339 
print trail: 
1 229 278 331 361 
print assumps: 
340 278 250 249 274 
print trail: 
1 229 278 25 65 281 343 
print assumps: 
332 262 276 274 
print trail: 
1 229 278 281 332 262 10 276 274 71 50 248 220 172 21 19 48 142 130 57 136 100 65 
print trail: 
1 229 278 281 
print trail: 
1 229 278 331 361 359 352 2 254 4 256 7 259 9 261 10 262 13 265 309 299 281 14 266 16 272 19 231 233 235 237 239 241 243 245 246 50 27 28 44 71 274 270 277 37 38 164 202 43 41 34 33 31 24 136 190 142 48 220 173 23 57 65 100 268 252 21 248 251 
print trail: 
1 229 278 331 361 359 352 2 254 4 256 7 259 9 261 10 262 13 265 309 299 281 14 266 16 272 19 231 233 235 237 239 241 243 245 246 50 27 28 44 71 274 270 277 37 38 164 202 43 41 34 33 31 24 136 190 142 48 220 173 23 57 65 100 268 252 
print trail: 
1 229 278 331 361 359 
print assumps: 
338 278 255 256 272 265 266 262 261 259 252 276 251 249 
print trail: 
1 229 278 25 65 281 343 341 
print assumps: 
330 262 276 
print trail: 
1 229 278 281 333 
print trail: 
1 229 278 331 361 359 353 356 2 254 4 256 7 259 9 261 10 262 277 281 50 13 265 309 299 14 266 16 272 19 231 233 235 237 239 241 243 245 246 27 28 44 71 274 270 37 38 164 202 43 41 35 33 31 24 191 48 220 173 23 57 65 100 268 252 21 248 251 
print trail: 
1 229 278 331 361 359 353 
print assumps: 
336 255 256 272 266 252 276 251 249 275 
print trail: 
1 229 278 25 65 281 343 341 339 
print assumps: 
338 262 276 250 
print trail: 
1 229 278 281 333 331 
print trail: 
1 229 278 331 361 359 353 357 
print assumps: 
334 278 256 273 265 266 262 261 259 253 276 251 248 
print trail: 
1 229 278 25 65 281 343 341 339 337 
print assumps: 
330 262 276 250 274 
print trail: 
1 229 278 337 335 333 
print assumps: 
338 278 255 256 272 265 266 262 261 258 252 276 249 251 274 
print trail: 
1 229 278 337 335 333 331 
print assumps: 
340 261 252 276 249 251 274 
print trail: 
1 229 278 
print trail: 
1 229 278 331 361 359 353 357 333 
print assumps: 
340 278 256 273 265 266 263 261 258 253 276 248 250 274 
print trail: 
1 229 278 281 333 331 339 
print assumps: 
338 261 276 274 
print trail: 
1 229 278 341 338 261 9 276 274 71 50 220 172 19 48 142 130 100 123 
print trail: 
1 229 278 341 
print trail: 
1 229 278 331 361 359 353 357 333 335 
print assumps: 
342 278 255 256 272 265 266 263 261 258 253 276 248 251 
print trail: 
1 229 278 281 333 331 339 341 
print assumps: 
330 261 276 
print trail: 
1 229 278 341 339 
print trail: 
1 229 278 331 361 359 353 357 333 335 337 338 2 254 4 256 6 258 9 261 277 281 50 11 263 13 265 309 299 14 266 16 272 19 231 233 235 237 239 241 243 245 246 27 28 44 71 274 270 37 38 164 202 43 41 35 32 30 25 65 190 100 268 48 220 173 20 249 108 23 57 253 250 
print trail: 
1 229 278 331 361 359 353 357 333 335 337 
print assumps: 
334 255 256 272 266 258 253 276 248 251 275 
print trail: 
1 229 278 281 
print assumps: 
332 276 
print trail: 
1 229 278 341 339 331 
print trail: 
1 229 278 331 361 359 353 357 333 335 337 339 
print assumps: 
334 262 252 276 249 251 274 
print trail: 
1 229 278 341 339 331 333 
print trail: 
1 229 278 334 274 71 50 251 249 20 56 22 252 25 65 276 220 172 19 48 142 130 100 
print trail: 
1 229 278 
print assumps: 
332 262 249 251 274 
print trail: 
1 229 278 335 
print trail: 
1 229 278 331 361 359 353 357 333 335 337 339 341 
print assumps: 
342 278 248 250 274 
print trail: 
1 229 278 281 335 
print assumps: 
330 262 276 251 274 
print trail: 
1 229 278 335 333 330 262 10 276 251 274 71 50 220 172 19 48 142 130 136 100 23 57 65 21 248 
print trail: 
1 229 278 335 333 
print trail: 
1 229 278 331 361 359 353 357 333 335 337 339 341 343 
print assumps: 
340 278 255 256 272 266 262 252 276 249 251 275 
print trail: 
1 229 278 281 335 343 
print assumps: 
338 262 276 251 
print trail: 
1 229 278 335 333 331 
print trail: 
1 229 278 331 
print assumps: 
338 278 255 256 272 266 252 276 249 251 275 
print trail: 
1 229 278 281 335 343 341 
print assumps: 
340 262 276 249 274 
print trail: 
1 229 278 335 333 331 339 
print trail: 
1 229 278 331 347 344 2 254 4 256 6 258 9 261 10 262 13 265 309 299 281 14 266 16 272 19 231 233 235 237 239 241 243 245 246 50 27 28 44 71 274 270 37 38 164 202 43 41 35 32 30 24 191 48 220 20 249 108 277 173 23 57 65 250 100 268 252 
print trail: 
1 229 278 331 347 
print assumps: 
330 278 255 256 272 266 258 252 276 248 251 275 
print trail: 
1 229 278 281 335 343 341 339 
print assumps: 
336 278 256 272 265 266 261 258 262 253 276 248 250 274 
print trail: 
1 229 278 
print assumps: 
340 262 276 248 274 
print trail: 
1 229 278 337 
print trail: 
1 229 278 331 347 345 
print assumps: 
332 278 255 256 272 266 262 252 276 249 251 275 
print trail: 
1 229 278 281 
print assumps: 
338 262 276 
print trail: 
1 229 278 337 341 
print trail: 
1 229 278 331 347 345 343 
print assumps: 
330 255 256 272 266 252 276 249 251 275 
print trail: 
1 229 278 281 333 
print assumps: 
330 276 
print trail: 
1 229 278 337 341 339 
print trail: 
1 229 278 331 347 345 343 341 
print assumps: 
332 258 276 248 274 
print trail: 
1 229 278 337 341 339 331 
print trail: 
1 229 278 331 347 345 343 341 339 336 2 254 4 256 6 258 9 261 11 263 13 265 309 299 281 14 266 16 272 19 231 233 235 237 239 241 243 245 246 50 27 28 44 71 274 270 37 38 164 202 43 41 33 30 35 24 191 48 220 21 57 248 65 277 100 268 252 173 
print trail: 
1 229 278 331 347 345 343 341 339 
print assumps: 
338 278 256 272 265 266 261 258 263 276 249 274 
print trail: 
1 229 278 281 333 331 
print assumps: 
334 258 276 274 
print trail: 
1 229 278 334 258 6 276 274 71 50 220 172 19 48 142 130 100 108 
print trail: 
1 229 278 
print trail: 
1 229 278 331 347 345 343 341 339 337 
print assumps: 
340 278 255 256 272 265 266 261 258 263 253 276 248 251 
print trail: 
1 229 278 281 333 331 339 
print assumps: 
332 258 276 
print trail: 
1 229 278 335 
print trail: 
1 229 278 331 347 345 343 341 339 337 335 332 2 254 4 256 6 258 277 281 50 9 261 11 263 13 265 309 299 14 266 16 272 19 231 233 235 237 239 241 243 245 246 27 28 44 71 274 270 37 38 164 202 43 41 33 31 35 25 65 190 100 268 48 220 173 20 249 23 57 253 250 
print trail: 
1 229 278 331 347 345 343 341 339 337 335 
print assumps: 
342 255 256 272 266 253 276 248 251 275 
print trail: 
1 229 278 281 333 331 339 341 
print assumps: 
330 258 262 248 274 
print trail: 
1 229 278 335 333 
print trail: 
1 229 278 331 347 345 343 341 339 337 335 333 
print assumps: 
334 278 272 249 
print trail: 
1 229 278 281 
print trail: 
1 229 278 335 333 331 280 246 276 270 268 274 298 103 50 71 308 46 220 172 19 48 142 130 100 
print trail: 
1 229 278 335 333 331 
print trail: 
1 229 278 331 347 345 343 341 339 337 335 333 357 352 281 3 255 4 256 7 259 8 260 11 263 13 265 308 14 266 16 272 19 231 233 235 237 239 241 243 245 246 50 27 28 44 71 274 270 37 38 164 202 43 41 32 31 35 25 65 190 100 268 48 220 23 57 253 298 20 249 250 277 173 
print trail: 
1 229 278 331 347 345 343 341 339 337 335 333 357 
print assumps: 
342 278 255 256 272 265 266 260 259 263 253 276 251 248 274 
print trail: 
1 229 278 281 335 
print assumps: 
340 253 276 251 248 274 
print trail: 
1 229 278 281 335 343 
print trail: 
1 229 278 331 347 345 343 341 339 337 335 333 357 353 
print assumps: 
332 278 255 256 272 253 276 251 249 275 
print trail: 
1 229 278 25 65 281 
print assumps: 
338 253 276 251 
print trail: 
1 229 278 281 335 343 341 
print trail: 
1 229 278 331 347 345 343 341 339 337 335 333 357 353 359 360 3 255 4 256 
print trail: 
1 229 278 331 347 345 343 341 339 337 335 333 357 353 359 
print assumps: 
330 260 276 251 248 274 
print trail: 
1 229 278 281 335 343 341 339 
print trail: 
1 229 278 331 
print assumps: 
334 278 254 256 272 265 266 260 259 263 276 251 249 274 
print trail: 
1 229 278 25 65 281 333 
print assumps: 
332 260 276 251 274 
print trail: 
1 229 278 281 
print trail: 
1 229 278 331 349 
print assumps: 
336 278 254 256 272 265 266 260 259 263 276 250 248 274 
print trail: 
1 229 278 25 65 281 333 335 
print assumps: 
330 260 276 274 
print trail: 
1 229 278 281 333 330 260 8 276 274 71 50 220 172 19 48 142 130 100 122 
print trail: 
1 229 278 281 333 
print trail: 
1 229 278 331 349 361 358 3 255 4 256 6 258 8 260 11 263 13 265 308 14 266 16 272 19 231 233 235 237 239 241 243 245 246 50 27 28 44 71 274 270 277 281 37 38 164 202 43 41 32 31 35 25 65 190 100 268 48 220 173 22 122 20 249 56 251 252 299 
print trail: 
1 229 278 331 349 361 
print assumps: 
338 278 255 256 272 266 260 253 276 250 248 275 
print trail: 
1 229 278 25 65 281 333 335 337 
print assumps: 
338 260 276 
print trail: 
1 229 278 281 333 331 
print trail: 
1 229 278 331 349 361 359 352 3 255 4 256 6 258 8 260 277 281 50 11 263 13 265 308 14 266 16 272 19 231 233 235 237 239 241 243 245 246 27 28 44 71 274 270 37 38 164 202 43 41 33 31 35 25 65 190 100 268 48 220 173 22 20 249 56 251 252 299 
print trail: 
1 229 278 331 349 361 359 
print assumps: 
340 255 256 272 266 253 276 250 248 275 
print trail: 
1 229 278 25 65 281 333 335 337 339 
print assumps: 
340 260 253 251 248 274 
print trail: 
1 229 278 281 333 331 339 
print trail: 
1 229 278 331 349 361 359 353 356 2 254 4 256 6 258 8 260 11 263 13 265 309 299 281 14 266 16 272 19 231 233 235 237 239 241 243 245 246 50 27 28 44 71 274 270 37 38 164 202 43 41 33 31 35 25 65 190 100 268 48 220 23 57 253 
print trail: 
1 229 278 331 349 361 359 353 
print assumps: 
342 278 272 253 251 249 
print trail: 
1 229 278 25 65 281 
print assumps: 
338 260 253 276 251 248 274 
print trail: 
1 229 278 335 333 331 
print trail: 
1 229 278 
print trail: 
1 229 278 331 349 361 359 353 357 
print assumps: 
342 278 255 256 273 265 266 260 259 262 252 276 251 248 274 
print trail: 
1 229 278 281 333 331 339 341 
print assumps: 
334 262 252 276 248 274 
print trail: 
1 229 278 281 334 262 10 252 50 65 251 276 220 172 19 48 142 130 136 100 248 21 57 23 24 274 71 
print trail: 
1 229 278 281 
print trail: 
1 229 278 331 349 361 359 353 357 333 
print assumps: 
340 278 255 256 272 266 252 276 251 249 275 
print trail: 
1 229 278 25 65 281 343 
print assumps: 
342 252 276 
print trail: 
1 229 278 281 335 
print trail: 
1 229 278 331 349 361 359 353 357 333 335 
print assumps: 
338 278 255 256 272 266 260 253 276 250 248 275 
print trail: 
1 229 278 25 65 281 343 341 
print assumps: 
340 276 
print trail: 
1 229 278 281 335 343 
print trail: 
1 229 278 331 349 361 359 353 357 333 335 337 
print assumps: 
338 260 252 276 248 274 
print trail: 
1 229 278 281 335 343 341 
print trail: 
1 229 278 331 349 361 359 353 357 333 335 337 339 340 3 255 5 257 6 258 8 260 11 263 13 265 308 14 266 299 281 17 273 19 231 233 235 237 239 241 243 245 246 50 26 100 28 44 71 274 37 38 164 202 43 41 269 32 30 35 24 191 48 220 23 57 65 271 252 21 248 251 277 173 
print trail: 
1 229 278 331 349 361 359 353 357 333 335 337 339 
print assumps: 
336 278 254 256 272 265 266 260 258 263 252 276 251 249 274 
print trail: 
1 229 278 25 65 281 343 341 339 
print assumps: 
330 260 252 276 274 
print trail: 
1 229 278 281 335 343 341 339 
print trail: 
1 229 278 331 349 361 359 353 357 333 335 337 339 341 
print assumps: 
334 278 254 256 272 265 266 260 258 263 253 276 250 248 274 
print trail: 
1 229 278 25 65 281 343 341 339 337 
print assumps: 
332 260 258 276 250 248 274 
print trail: 
1 229 278 281 
print assumps: 
338 260 258 276 250 248 274 
print trail: 
1 229 278 
print assumps: 
330 274 248 250 276 258 
print trail: 
1 229 278 339 
print assumps: 
332 274 248 250 276 260 
print trail: 
1 229 278 339 331 332 274 71 50 248 21 57 281 65 250 22 25 253 276 220 172 19 48 142 130 137 100 11 263 260 8 122 
print trail: 
1 229 278 339 331 
print assumps: 
334 274 248 250 258 260 
print trail: 
1 229 278 339 331 333 
print assumps: 
330 260 252 276 274 
print trail: 
1 229 278 281 333 
print trail: 
1 229 278 331 349 361 359 353 357 333 335 337 339 341 343 
print assumps: 
332 278 254 256 273 265 266 263 260 259 253 276 250 248 274 
print trail: 
1 229 278 25 65 281 
print assumps: 
338 260 276 274 
print trail: 
1 229 278 281 333 331 338 260 8 276 274 71 50 220 172 19 48 142 130 100 122 
print trail: 
1 229 278 281 333 331 
print trail: 
1 229 278 331 349 361 359 353 357 333 335 337 339 341 343 345 
print assumps: 
334 278 255 256 272 266 253 276 250 248 275 
print trail: 
1 229 278 25 65 281 333 
print assumps: 
340 262 260 276 248 274 
print trail: 
1 229 278 281 333 331 339 340 262 10 260 8 276 248 50 21 220 172 57 19 48 142 130 65 136 100 122 
print trail: 
1 229 278 281 333 331 339 
print trail: 
1 229 278 281 333 331 339 340 274 71 50 248 21 57 65 276 220 172 19 48 142 130 100 260 8 122 
print trail: 
1 229 278 281 333 331 339 
print assumps: 
342 262 260 274 
print trail: 
1 229 278 281 333 331 339 341 
print trail: 
1 229 278 331 
print assumps: 
336 278 274 
print trail: 
1 229 278 25 65 281 333 335 
print assumps: 
334 262 260 276 
print trail: 
1 229 278 281 333 331 339 341 343 
print trail: 
1 229 278 331 351 
print assumps: 
340 262 260 276 274 
print trail: 
1 229 278 339 331 333 335 340 262 10 260 8 276 
print trail: 
1 229 278 339 331 333 335 
print trail: 
1 229 278 280 246 276 270 268 274 298 103 20 50 71 308 46 249 220 172 259 19 48 142 130 7 100 109 31 
print trail: 
1 229 278 
print assumps: 
336 248 
print trail: 
1 229 278 21 57 65 23 251 41 43 47 281 25 253 341 343 
print assumps: 
330 268 
print trail: 
1 229 278 21 57 65 23 251 41 43 47 281 25 253 
print assumps: 
336 274 
print trail: 
1 229 278 21 57 65 23 251 41 43 47 281 25 253 331 
print assumps: 
342 250 
print trail: 
1 229 278 23 57 65 281 25 253 335 337 
print assumps: 
344 270 249 
print trail: 
1 229 278 23 57 65 281 25 253 335 337 343 
print assumps: 
346 258 276 274 
print trail: 
1 229 278 23 57 65 281 25 253 
print assumps: 
332 250 248 
print trail: 
1 229 278 57 65 25 253 281 331 
print assumps: 
334 260 276 274 
print trail: 
1 229 278 57 65 25 253 281 331 333 
print assumps: 
338 252 
print trail: 
1 229 278 25 65 281 333 335 337 
print assumps: 
340 268 251 249 
print trail: 
1 229 278 25 65 281 333 335 337 339 
print assumps: 
342 260 249 276 274 
print trail: 
1 229 278 25 65 281 
print assumps: 
340 270 258 251 276 
print trail: 
1 229 278 25 65 281 343 
print assumps: 
338 258 251 276 274 
print trail: 
1 229 278 25 65 281 343 341 
print assumps: 
336 252 248 
print trail: 
1 229 278 281 
print assumps: 
334 262 276 274 
print trail: 
1 229 278 281 337 
print assumps: 
342 260 251 248 276 274 
print trail: 
1 229 278 281 337 335 
print assumps: 
340 252 250 
print trail: 
1 229 278 281 
print assumps: 
334 253 251 249 274 
print trail: 
1 229 278 281 341 334 253 251 249 
print trail: 
1 229 278 281 341 
print assumps: 
332 262 249 276 274 
print trail: 
1 229 278 281 341 335 
print assumps: 
330 262 250 276 274 
print trail: 
1 229 278 281 341 335 333 
print assumps: 
338 265 267 276 274 
print trail: 
1 229 278 281 341 335 333 331 338 265 13 267 15 276 
print trail: 
1 229 278 281 341 335 333 331 
print assumps: 
336 260 250 249 276 274 
print trail: 
1 229 278 281 341 335 333 331 339 
print trail: 
1 229 278 280 246 276 270 268 274 298 50 71 308 220 172 19 48 142 130 100 3 255 265 13 151 329 327 325 323 321 319 317 315 313 311 307 305 303 301 297 295 293 291 289 287 285 283 273 17 267 15 257 165 5 
print trail: 
1 229 278 280 246 276 270 268 274 298 50 71 308 220 172 19 48 142 130 100 3 255 265 13 151 
print trail: 
1 229 278 280 246 276 270 268 274 298 50 71 308 220 172 19 48 142 130 100 3 255 265 13 151 164 14 266 256 4 102 47 44 27 28 65 
print trail: 
1 229 278 280 246 276 270 268 274 298 50 71 308 220 172 19 48 142 130 100 
print trail: 
1 229 278 
print trail: 
1 229 278 331 351 347 
print assumps: 
336 278 255 256 272 265 266 258 263 260 253 250 249 276 274 
print trail: 
1 229 278 281 
print assumps: 
338 260 253 250 249 276 274 
print trail: 
1 229 278 281 337 
print trail: 
1 229 278 281 337 338 274 71 50 276 220 172 19 48 142 130 100 249 20 250 57 65 23 253 25 
print trail: 
1 229 278 281 337 
print assumps: 
330 253 250 249 276 274 
print trail: 
1 229 278 281 337 339 
print trail: 
1 229 278 331 351 347 345 
print assumps: 
340 278 254 256 273 265 266 259 263 261 253 251 248 276 274 
print trail: 
1 229 278 281 337 335 343 
print assumps: 
332 253 276 274 
print trail: 
1 229 278 281 337 339 331 
print trail: 
1 229 278 331 351 347 345 343 
print assumps: 
338 278 255 256 272 266 253 251 248 276 275 
print trail: 
1 229 278 281 337 335 343 341 
print assumps: 
334 253 276 
print trail: 
1 229 278 281 337 339 331 333 
print trail: 
1 229 278 331 351 347 345 343 341 338 3 255 4 256 
print trail: 
1 229 278 331 351 347 345 343 341 
print assumps: 
340 260 250 249 276 274 
print trail: 
1 229 278 281 337 339 331 333 335 
print trail: 
1 229 278 331 351 347 345 343 341 339 
print assumps: 
330 278 254 256 272 265 266 258 263 260 251 248 276 274 
print trail: 
1 229 278 281 
print assumps: 
342 260 276 274 
print trail: 
1 229 278 281 342 260 8 276 274 71 50 220 172 19 48 142 130 100 122 
print trail: 
1 229 278 281 
print trail: 
1 229 278 331 351 347 345 343 341 339 337 334 3 255 4 256 6 258 8 260 11 263 13 265 308 14 266 16 272 19 231 233 235 237 239 241 243 245 246 50 27 28 44 71 274 270 277 281 37 38 164 202 43 41 30 35 32 25 65 190 100 268 22 122 20 249 56 108 251 252 130 299 
print trail: 
1 229 278 331 351 347 345 343 341 339 337 
print assumps: 
338 278 255 256 272 265 266 258 263 260 253 250 248 276 
print trail: 
1 229 278 281 331 
print assumps: 
340 260 276 
print trail: 
1 229 278 281 343 
print trail: 
1 229 278 331 351 347 345 343 341 339 337 335 
print assumps: 
340 255 256 272 266 253 250 248 276 275 
print trail: 
1 229 278 281 331 339 
print assumps: 
334 260 253 249 276 274 
print trail: 
1 229 278 281 343 341 334 260 8 253 249 276 
print trail: 
1 229 278 281 343 341 
print trail: 
1 229 278 281 343 341 
print assumps: 
332 260 253 276 274 
print trail: 
1 229 278 281 343 341 335 
print trail: 
1 229 278 331 351 347 345 343 341 339 337 335 333 356 2 254 4 256 7 259 8 260 11 263 13 265 309 299 281 14 266 16 272 19 231 233 235 237 239 241 243 245 246 50 27 28 44 71 274 270 37 38 164 202 43 41 30 35 33 25 65 190 100 268 22 21 57 248 253 250 277 48 220 173 
print trail: 
1 229 278 331 351 347 345 343 341 339 337 335 333 
print assumps: 
342 278 255 256 272 266 253 250 249 276 275 
print trail: 
1 229 278 281 331 339 341 
print assumps: 
330 260 253 249 274 
print trail: 
1 229 278 281 343 341 335 333 
print trail: 
1 229 278 331 351 347 345 343 341 339 337 335 333 357 
print assumps: 
334 278 272 253 251 248 
print trail: 
1 229 278 281 331 339 341 343 
print assumps: 
338 260 253 249 276 
print trail: 
1 229 278 281 
print trail: 
1 229 278 331 351 347 345 343 341 339 337 335 333 357 353 358 2 254 4 256 7 259 8 260 
print trail: 
1 229 278 331 351 347 345 343 341 339 337 335 333 357 353 
print assumps: 
330 260 253 249 276 274 
print trail: 
1 229 278 330 260 8 253 249 276 274 71 50 220 172 20 19 48 142 130 100 122 103 32 
print trail: 
1 229 278 330 260 8 253 249 276 274 71 50 220 172 20 19 48 142 130 100 122 103 32 46 35 137 11 263 
print trail: 
1 229 278 330 260 8 253 249 276 274 71 50 220 172 20 19 48 142 130 100 122 103 32 46 35 137 11 263 31 109 7 259 
print trail: 
1 229 278 
print assumps: 
332 278 255 256 272 265 266 258 263 260 253 250 249 276 274 
print trail: 
1 229 278 331 
print assumps: 
334 260 253 250 249 276 274 
print trail: 
1 229 278 331 333 
print trail: 
1 229 278 331 333 334 274 71 50 276 220 172 19 48 142 130 100 249 20 250 57 65 23 253 25 
print trail: 
1 229 278 331 333 
print assumps: 
336 253 250 249 276 274 
print trail: 
1 229 278 331 333 335 
print trail: 
1 229 278 331 351 347 345 343 341 339 337 335 333 357 353 359 
print assumps: 
330 278 254 256 273 265 266 259 263 261 253 251 248 276 274 
print trail: 
1 229 278 281 339 
print assumps: 
338 253 276 274 
print trail: 
1 229 278 
print trail: 
1 229 278 331 351 347 345 343 341 339 337 335 333 357 353 359 361 
print assumps: 
332 278 254 256 273 265 266 259 263 261 252 250 248 276 274 
print trail: 
1 229 278 281 339 331 
print assumps: 
336 252 250 248 
print trail: 
1 229 278 339 
print assumps: 
334 248 250 
print trail: 
1 229 278 281 339 331 333 
print assumps: 
340 248 252 
print trail: 
1 229 278 281 339 331 333 335 
print assumps: 
342 250 252 
print trail: 
1 229 278 281 339 331 333 335 341 
print assumps: 
334 253 276 274 
print trail: 
1 229 278 339 337 334 253 276 274 71 50 220 172 19 48 142 130 100 
print trail: 
1 229 278 339 337 
print trail: 
1 229 278 331 
print assumps: 
336 278 255 256 272 266 253 251 276 248 275 
print trail: 
1 229 278 281 
print assumps: 
332 253 276 
print trail: 
1 229 278 339 337 335 332 253 276 
print trail: 
1 229 278 339 337 335 
print trail: 
1 229 278 331 355 348 2 254 4 256 
print trail: 
1 229 278 331 355 
print assumps: 
330 260 250 276 249 274 
print trail: 
1 229 278 339 337 335 333 
print trail: 
1 229 278 331 355 349 
print assumps: 
342 278 256 272 265 266 258 263 260 251 276 248 274 
print trail: 
1 229 278 281 337 
print assumps: 
340 260 276 274 
print trail: 
1 229 278 340 260 8 276 274 71 50 220 172 19 48 142 130 100 122 
print trail: 
1 229 278 
print trail: 
1 229 278 331 355 349 361 
print assumps: 
340 278 255 256 272 266 253 250 276 248 275 
print trail: 
1 229 278 281 337 343 
print assumps: 
330 260 253 276 249 274 
print trail: 
1 229 278 341 330 260 8 253 276 249 
print trail: 
1 229 278 341 
print trail: 
1 229 278 341 
print assumps: 
332 260 253 276 274 
print trail: 
1 229 278 341 331 
print trail: 
1 229 278 331 355 349 361 359 
print assumps: 
334 278 255 256 272 266 253 250 276 249 275 
print trail: 
1 229 278 281 337 343 341 
print assumps: 
334 260 253 249 274 
print trail: 
1 229 278 341 331 333 
print trail: 
1 229 278 331 355 349 361 359 353 
print assumps: 
332 278 272 253 251 248 
print trail: 
1 229 278 281 337 343 341 335 
print assumps: 
336 260 253 276 249 
print trail: 
1 229 278 341 331 333 335 
print trail: 
1 229 278 331 355 349 361 359 353 357 
print assumps: 
330 278 256 273 265 266 259 263 260 253 251 276 248 
print trail: 
1 229 278 281 
print trail: 
1 229 278 280 246 276 270 268 274 298 103 50 71 308 220 172 46 19 48 142 130 100 20 249 259 7 109 31 
print trail: 
1 229 278 
print trail: 
1 229 278 331 355 349 361 359 353 357 333 
print assumps: 
332 278 256 273 265 266 270 268 259 262 261 253 250 276 248 274 
print trail: 
1 229 278 281 331 
print assumps: 
334 262 253 276 248 274 
print trail: 
1 229 278 281 331 333 
print trail: 
1 229 278 281 331 333 334 274 71 50 248 21 57 65 276 220 172 19 48 142 130 100 253 25 
print trail: 
1 229 278 281 331 333 
print assumps: 
340 253 276 248 274 
print trail: 
1 229 278 281 331 333 335 
print trail: 
1 229 278 331 355 349 361 359 353 357 333 335 
print assumps: 
336 278 256 273 265 266 259 263 261 253 276 249 274 
print trail: 
1 229 278 281 
print assumps: 
342 253 276 274 
print trail: 
1 229 278 281 331 333 335 341 
print trail: 
1 229 278 331 355 349 361 359 353 357 333 335 337 
print assumps: 
334 278 255 256 272 266 253 250 276 249 275 
print trail: 
1 229 278 281 337 
print assumps: 
336 253 276 
print trail: 
1 229 278 281 331 333 335 341 343 
print trail: 
1 229 278 331 355 349 361 359 353 357 333 335 337 339 340 2 254 4 256 
print trail: 
1 229 278 331 355 349 361 359 353 357 333 335 337 339 
print assumps: 
338 262 276 248 274 
print trail: 
1 229 278 281 
print trail: 
1 229 278 331 355 349 361 359 353 357 333 335 337 339 341 
print assumps: 
342 278 255 256 272 266 252 251 276 249 275 
print trail: 
1 229 278 281 337 335 
print assumps: 
336 262 253 248 274 
print trail: 
1 229 278 281 339 
print trail: 
1 229 278 331 355 349 361 359 353 357 333 335 337 339 341 343 
print assumps: 
340 278 272 253 251 249 
print trail: 
1 229 278 281 337 335 343 
print assumps: 
336 262 253 276 248 274 
print trail: 
1 229 278 
print assumps: 
334 278 256 273 265 266 270 268 259 262 261 253 250 276 248 274 
print trail: 
1 229 278 337 
print trail: 
1 229 278 331 355 349 361 359 353 357 333 335 337 339 341 343 345 
print assumps: 
342 278 256 273 265 266 270 268 259 262 261 253 250 276 249 274 
print trail: 
1 229 278 281 339 337 
print assumps: 
340 262 253 276 249 274 
print trail: 
1 229 278 281 339 337 343 340 262 10 253 299 276 249 
print trail: 
1 229 278 281 339 337 343 
print trail: 
1 229 278 281 339 337 343 
print assumps: 
334 253 276 249 274 
print trail: 
1 229 278 281 339 337 343 341 
print trail: 
1 229 278 331 
print assumps: 
338 278 256 273 265 266 259 263 261 253 251 276 248 274 
print trail: 
1 229 278 281 337 335 343 341 
print assumps: 
332 253 276 274 
print trail: 
1 229 278 281 339 337 343 341 335 
print trail: 
1 229 278 331 351 
print assumps: 
330 278 255 256 272 266 253 251 276 248 275 
print trail: 
1 229 278 281 
print assumps: 
330 253 276 
print trail: 
1 229 278 281 
print trail: 
1 229 278 331 351 347 344 2 254 4 256 
print trail: 
1 229 278 331 351 347 
print assumps: 
332 262 276 249 274 
print trail: 
1 229 278 281 331 
print trail: 
1 229 278 331 351 347 345 342 2 254 4 256 6 258 9 261 10 262 13 265 309 299 281 14 266 17 273 19 231 233 235 237 239 241 243 245 246 50 27 28 44 71 274 270 37 38 164 202 42 40 268 31 35 33 24 191 23 57 65 100 252 48 220 20 249 250 277 173 
print trail: 
1 229 278 331 351 347 345 
print assumps: 
338 278 255 256 272 266 252 251 276 248 275 
print trail: 
1 229 278 281 331 
print assumps: 
334 262 253 249 274 
print trail: 
1 229 278 281 331 333 
print trail: 
1 229 278 331 351 347 345 343 
print assumps: 
340 278 272 253 251 248 
print trail: 
1 229 278 281 331 339 
print assumps: 
332 262 253 276 249 274 
print trail: 
1 229 278 337 335 332 262 10 253 299 281 276 249 
print trail: 
1 229 278 337 335 
print assumps: 
330 278 256 273 265 266 270 268 259 262 261 253 250 276 248 274 
print trail: 
1 229 278 337 335 333 
print assumps: 
340 262 253 276 248 274 
print trail: 
1 229 278 337 335 333 331 
print trail: 
1 229 278 337 335 333 331 340 274 71 50 248 21 57 65 276 220 172 19 48 142 130 100 253 25 
print trail: 
1 229 278 337 335 333 331 
print assumps: 
338 253 276 248 274 
print trail: 
1 229 278 337 335 333 331 341 
print trail: 
1 229 278 331 351 347 345 343 341 
print assumps: 
340 278 256 273 265 266 259 263 261 253 276 249 274 
print trail: 
1 229 278 281 331 333 335 
print assumps: 
342 253 276 274 
print trail: 
1 229 278 
print trail: 
1 229 278 331 351 347 345 343 341 339 
print assumps: 
342 278 255 256 272 266 253 250 276 249 275 
print trail: 
1 229 278 281 331 333 335 341 
print assumps: 
338 253 276 
print trail: 
1 229 278 343 
print trail: 
1 229 278 331 351 347 345 343 341 339 337 334 3 255 4 256 
print trail: 
1 229 278 331 351 347 345 343 341 339 337 
print assumps: 
340 262 276 248 274 
print trail: 
1 229 278 343 339 
print trail: 
1 229 278 331 351 347 345 343 341 339 337 335 332 3 255 5 257 7 259 8 260 10 262 13 265 308 14 266 299 281 17 273 19 231 233 235 237 239 241 243 245 246 50 27 28 44 71 274 270 37 38 164 202 42 40 268 31 35 33 24 191 22 48 220 21 57 248 65 250 277 100 252 173 
print trail: 
1 229 278 331 351 347 345 343 341 339 337 335 
print assumps: 
336 278 255 256 272 266 252 250 276 249 275 
print trail: 
1 229 278 281 
print assumps: 
330 262 253 248 274 
print trail: 
1 229 278 343 339 341 
print trail: 
1 229 278 331 351 347 345 343 341 339 337 335 333 356 3 255 5 257 7 259 8 260 10 262 13 265 308 14 266 299 281 17 273 19 231 233 235 237 239 241 243 245 246 50 27 28 44 71 274 270 37 38 164 202 42 40 268 31 35 33 25 65 190 100 
print trail: 
1 229 278 331 351 347 345 343 341 339 337 335 333 
print assumps: 
342 278 272 253 249 
print trail: 
1 229 278 281 337 
print trail: 
1 229 278 343 339 341 331 280 246 276 270 268 274 298 103 50 71 308 46 220 172 19 48 142 130 100 21 57 248 65 258 6 108 30 
print trail: 
1 229 278 343 339 341 331 280 246 276 270 268 274 298 103 50 71 308 46 220 172 19 48 142 130 100 
print trail: 
1 229 278 343 339 341 331 
print assumps: 
342 248 
print trail: 
1 229 278 21 57 65 23 251 41 43 47 281 25 253 331 337 
print assumps: 
340 268 
print trail: 
1 229 278 21 57 65 23 251 41 43 47 281 25 253 
print assumps: 
342 274 
print trail: 
1 229 278 21 57 65 23 251 41 43 47 281 25 253 341 
print assumps: 
344 250 
print trail: 
1 229 278 23 57 65 281 25 253 347 
print assumps: 
342 270 249 
print trail: 
1 229 278 23 57 65 281 25 253 347 345 
print assumps: 
336 258 276 274 
print trail: 
1 229 278 23 57 65 281 25 253 347 345 343 
print assumps: 
336 250 248 
print trail: 
1 229 278 57 65 25 253 281 331 333 335 
print assumps: 
340 260 276 274 
print trail: 
1 229 278 57 65 25 253 281 
print assumps: 
336 252 
print trail: 
1 229 278 25 65 281 343 341 339 
print assumps: 
334 268 251 249 
print trail: 
1 229 278 25 65 281 343 341 339 337 
print assumps: 
332 260 276 249 274 
print trail: 
1 229 278 25 65 281 
print assumps: 
334 270 258 251 276 
print trail: 
1 229 278 25 65 281 333 
print assumps: 
336 258 251 276 274 
print trail: 
1 229 278 25 65 281 333 335 
print assumps: 
342 252 248 
print trail: 
1 229 278 281 331 339 341 
print assumps: 
334 262 276 274 
print trail: 
1 229 278 281 331 339 341 343 
print assumps: 
336 260 251 276 248 274 
print trail: 
1 229 278 281 
print assumps: 
340 252 250 
print trail: 
1 229 278 281 337 343 
print assumps: 
334 262 276 249 274 
print trail: 
1 229 278 281 337 343 341 
print assumps: 
332 262 250 276 274 
print trail: 
1 229 278 281 337 343 341 335 
print assumps: 
330 260 250 276 249 274 
print trail: 
1 229 278 281 
print assumps: 
332 252 250 248 
print trail: 
1 229 278 343 339 341 331 281 
print assumps: 
334 253 251 249 274 
print trail: 
1 229 278 281 334 253 251 249 
print trail: 
1 229 278 281 
print assumps: 
332 260 262 276 274 
print trail: 
1 229 278 281 335 332 260 8 262 10 276 274 71 50 220 172 19 48 142 130 136 100 122 20 249 252 65 
print trail: 
1 229 278 281 335 332 260 8 262 10 276 274 71 50 220 172 19 48 142 130 136 100 122 
print trail: 
1 229 278 281 335 
print assumps: 
330 265 267 276 274 
print trail: 
1 229 278 281 335 333 330 265 13 267 15 276 
print trail: 
1 229 278 281 335 333 
print assumps: 
340 258 262 276 248 274 
print trail: 
1 229 278 281 335 333 331 
print assumps: 
338 262 251 276 249 274 
print trail: 
1 229 278 281 335 333 331 341 338 262 10 251 276 249 
print trail: 
1 229 278 281 335 333 331 341 
print assumps: 
342 258 260 250 276 248 274 
print trail: 
1 229 278 281 335 333 331 341 339 
print assumps: 
336 258 253 251 276 248 274 
print trail: 
1 229 278 281 335 333 331 341 339 343 
print assumps: 
344 260 253 251 276 248 274 
print trail: 
1 229 278 281 335 333 331 341 339 343 337 
print trail: 
1 229 278 280 246 276 270 268 274 298 50 71 308 220 172 19 48 142 130 100 3 255 265 13 151 329 327 325 323 321 319 317 315 313 311 307 305 303 301 297 295 293 291 289 287 285 283 273 17 267 15 257 165 5 
print trail: 
1 229 278 280 246 276 270 268 274 298 50 71 308 220 172 19 48 142 130 100 3 255 265 13 151 
print trail: 
1 229 278 280 246 276 270 268 274 298 50 71 308 220 172 19 48 142 130 100 3 255 265 13 151 164 14 266 256 4 102 47 44 27 28 65 
print trail: 
1 229 278 280 246 276 270 268 274 298 50 71 308 220 172 19 48 142 130 100 
print trail: 
1 229 278 280 246 276 270 268 274 298 50 71 308 220 172 19 48 142 130 100 103 6 258 108 248 30 21 57 65 164 14 38 266 256 4 151 13 37 265 255 3 28 202 27 44 46 
print trail: 
1 229 278 
print trail: 
1 229 278 331 351 347 345 343 341 339 337 335 333 357 352 281 3 255 4 256 6 258 8 260 10 262 13 265 308 14 266 17 273 19 231 233 235 237 239 241 243 245 246 50 27 28 44 71 274 270 37 38 164 202 43 41 30 32 34 24 136 190 142 22 122 48 220 21 57 248 65 250 100 268 252 298 277 173 
print trail: 
1 229 278 331 351 347 345 343 341 339 337 335 333 357 
print assumps: 
346 278 255 256 272 265 266 258 260 262 252 250 276 249 274 
print trail: 
1 229 278 281 335 333 331 341 339 343 337 345 
print assumps: 
348 262 252 250 276 249 274 
print trail: 
1 229 278 281 335 333 331 341 339 343 337 345 347 
print trail: 
1 229 278 331 351 347 345 343 341 339 337 335 333 357 353 
print assumps: 
332 278 254 256 273 265 266 259 261 262 252 251 276 248 274 
print trail: 
1 229 278 281 331 
print assumps: 
350 262 252 276 274 
print trail: 
1 229 278 281 350 262 10 252 50 65 276 220 172 19 48 142 130 136 100 274 71 20 249 24 250 57 23 
print trail: 
1 229 278 281 
print trail: 
1 229 278 331 351 347 345 343 341 339 337 335 333 357 353 359 
print assumps: 
334 278 255 256 272 266 252 251 276 248 275 
print trail: 
1 229 278 281 331 333 
print assumps: 
348 252 276 
print trail: 
1 229 278 281 351 
print trail: 
1 229 278 331 351 347 345 343 341 339 337 335 333 357 353 359 361 
print assumps: 
340 278 255 256 272 266 253 250 276 248 275 
print trail: 
1 229 278 281 331 333 335 
print assumps: 
346 276 
print trail: 
1 229 278 281 351 349 
print trail: 
1 229 278 331 
print assumps: 
344 260 252 250 276 249 274 
print trail: 
1 229 278 281 351 349 347 
print trail: 
1 229 278 331 355 
print assumps: 
342 278 254 256 272 265 266 258 260 263 252 251 276 248 274 
print trail: 
1 229 278 281 331 333 335 341 
print assumps: 
336 260 252 276 274 
print trail: 
1 229 278 281 351 349 347 345 336 260 8 252 50 65 276 220 172 19 48 142 130 100 122 274 71 24 57 
print trail: 
1 229 278 281 351 349 347 345 
print trail: 
1 229 278 331 355 349 
print assumps: 
336 278 255 256 272 266 252 250 276 249 275 
print trail: 
1 229 278 281 
print assumps: 
342 260 262 250 276 249 274 
print trail: 
1 229 278 281 
print trail: 
1 229 278 281 342 274 71 50 249 20 276 220 172 19 48 142 130 100 250 57 65 23 262 10 252 136 24 
print trail: 
1 229 278 281 
print assumps: 
336 260 262 276 249 274 
print trail: 
1 229 278 281 343 336 260 8 262 10 276 249 
print trail: 
1 229 278 281 343 
print trail: 
1 229 278 281 343 
print assumps: 
344 260 262 249 274 
print trail: 
1 229 278 281 343 337 
print trail: 
1 229 278 331 355 349 361 
print assumps: 
342 278 272 248 
print trail: 
1 229 278 281 337 
print assumps: 
346 260 262 276 274 
print trail: 
1 229 278 281 343 337 345 
print trail: 
1 229 278 331 355 349 361 359 
print assumps: 
340 278 255 256 272 266 252 250 276 249 275 
print trail: 
1 229 278 281 337 343 
print assumps: 
348 260 262 276 249 
print trail: 
1 229 278 281 343 337 345 347 
print trail: 
1 229 278 331 355 349 361 359 353 356 3 255 5 257 7 259 8 260 10 262 
print trail: 
1 229 278 331 355 349 361 359 353 
print assumps: 
330 260 262 276 249 274 
print trail: 
1 229 278 
print assumps: 
332 278 255 256 272 265 266 258 260 262 252 250 276 249 274 
print trail: 
1 229 278 331 
print trail: 
1 229 278 331 355 349 361 359 353 357 332 3 255 4 256 6 258 8 260 10 262 13 265 308 14 266 16 272 19 231 233 235 237 239 241 243 245 246 50 27 28 44 71 274 270 37 38 164 202 43 41 30 32 34 24 136 190 142 23 57 65 100 268 252 298 48 220 20 249 108 250 281 277 173 
print trail: 
1 229 278 331 355 349 361 359 353 357 
print assumps: 
350 278 256 272 265 266 258 260 262 252 251 276 248 274 
print trail: 
1 229 278 281 343 337 345 347 349 
print assumps: 
338 260 262 252 276 248 274 
print trail: 
1 229 278 281 343 337 345 347 349 351 
print trail: 
1 229 278 331 355 349 361 359 353 357 333 
print assumps: 
334 278 255 256 272 266 252 250 276 249 275 
print trail: 
1 229 278 281 337 343 341 
print assumps: 
340 252 276 
print trail: 
1 229 278 281 
print trail: 
1 229 278 331 355 349 361 359 353 357 333 335 
print assumps: 
332 278 255 256 272 266 253 250 276 248 275 
print trail: 
1 229 278 281 337 343 341 335 
print assumps: 
338 276 
print trail: 
1 229 278 281 341 
print trail: 
1 229 278 331 355 349 361 359 353 357 333 335 337 
print assumps: 
350 258 262 252 276 248 274 
print trail: 
1 229 278 281 341 339 
print trail: 
1 229 278 331 355 349 361 359 353 357 333 335 337 339 340 3 255 5 257 6 258 9 261 10 262 13 265 308 14 266 299 281 16 272 19 231 233 235 237 239 241 243 245 246 50 26 100 28 44 71 274 37 38 164 202 43 41 269 30 33 34 24 136 190 142 22 48 220 21 57 248 65 250 271 252 277 173 
print trail: 
1 229 278 331 355 349 361 359 353 357 333 335 337 339 
print assumps: 
330 278 254 256 272 265 266 258 261 262 252 276 249 274 
print trail: 
1 229 278 281 330 254 2 256 4 272 16 265 13 309 299 266 14 258 6 261 9 262 10 252 50 65 276 220 172 19 48 142 130 164 151 136 100 108 123 249 20 274 71 23 57 24 250 
print trail: 
1 229 278 281 
print assumps: 
348 258 262 252 276 274 
print trail: 
1 229 278 281 341 339 351 348 258 6 262 10 252 50 65 276 220 172 19 48 142 130 136 100 108 274 71 
print trail: 
1 229 278 281 341 339 351 
print trail: 
1 229 278 331 355 349 361 359 353 357 333 335 337 339 341 
print assumps: 
332 278 255 256 272 265 266 258 261 262 252 251 276 248 
print trail: 
1 229 278 281 331 
print assumps: 
346 258 262 252 276 
print trail: 
1 229 278 281 341 339 351 349 
print trail: 
1 229 278 331 355 349 361 359 353 357 333 335 337 339 341 343 
print assumps: 
334 278 255 256 272 266 252 251 276 248 275 
print trail: 
1 229 278 281 331 333 
print assumps: 
344 258 260 252 276 248 274 
print trail: 
1 229 278 281 
print trail: 
1 229 278 331 355 349 361 359 353 357 333 335 337 339 341 343 345 
print assumps: 
340 278 256 272 265 266 258 260 263 252 251 276 249 274 
print trail: 
1 229 278 281 331 333 335 340 256 4 272 16 265 13 266 14 258 6 260 8 263 11 252 50 65 299 251 276 220 172 19 48 142 130 164 151 137 100 108 122 249 20 56 22 25 274 71 
print trail: 
1 229 278 281 331 333 335 
print assumps: 
346 258 260 252 276 274 
print trail: 
1 229 278 281 345 346 258 6 260 8 252 50 65 276 220 172 19 48 142 130 100 108 122 274 71 
print trail: 
1 229 278 281 345 
print trail: 
1 229 278 331 355 349 361 359 353 357 333 335 337 339 341 343 345 347 350 3 255 5 257 6 258 8 260 11 263 13 265 308 14 266 299 281 16 272 19 231 233 235 237 239 241 243 245 246 50 27 28 44 71 274 270 37 38 164 202 43 41 30 32 35 25 65 190 100 268 22 122 48 220 
print trail: 
1 229 278 331 355 349 361 359 353 357 333 335 337 339 341 343 345 347 
print assumps: 
342 278 255 256 272 265 266 258 260 263 253 250 276 248 
print trail: 
1 229 278 281 331 333 335 341 
print assumps: 
348 258 260 276 
print trail: 
1 229 278 281 345 347 
print trail: 
1 229 278 331 
print assumps: 
336 255 256 272 266 253 250 276 248 275 
print trail: 
1 229 278 281 
print assumps: 
334 258 260 262 252 276 248 274 
print trail: 
1 229 278 331 333 
print assumps: 
336 278 255 256 272 265 266 258 260 262 252 250 276 249 274 
print trail: 
1 229 278 
print assumps: 
334 260 262 252 250 276 249 274 
print trail: 
1 229 278 337 334 260 8 262 10 252 50 65 250 57 24 276 220 172 19 48 142 130 136 100 122 249 20 23 103 34 32 190 274 71 
print trail: 
1 229 278 337 
print trail: 
1 229 278 331 363 
print assumps: 
350 278 256 273 265 266 259 260 262 252 251 276 248 274 
print trail: 
1 229 278 281 345 347 349 
print assumps: 
332 260 262 252 251 276 248 274 
print trail: 
1 229 278 337 335 
print assumps: 
330 274 248 276 251 252 262 
print trail: 
1 229 278 337 335 333 330 274 71 50 248 21 57 65 276 220 172 19 48 142 130 100 251 23 252 24 262 10 136 
print trail: 
1 229 278 337 335 333 
print assumps: 
338 274 248 276 251 252 260 
print trail: 
1 229 278 337 335 333 331 
print assumps: 
340 274 248 276 251 262 260 
print trail: 
1 229 278 337 335 333 331 339 
print assumps: 
342 274 248 276 262 260 
print trail: 
1 229 278 337 335 333 331 339 341 
print assumps: 
344 274 248 251 262 260 
print trail: 
1 229 278 
print assumps: 
342 274 276 251 262 260 
print trail: 
1 229 278 345 
print assumps: 
340 260 262 252 250 276 249 274 
print trail: 
1 229 278 345 343 
print trail: 
1 229 278 345 343 340 274 71 50 249 20 276 220 172 19 48 142 130 100 250 57 65 23 252 24 262 10 136 
print trail: 
1 229 278 345 343 
print assumps: 
338 262 250 276 249 274 
print trail: 
1 229 278 345 343 341 
print trail: 
1 229 278 331 363 351 
print assumps: 
338 278 254 256 273 264 266 258 261 262 251 276 248 274 
print trail: 
1 229 278 281 345 347 349 351 
print assumps: 
330 258 262 251 276 248 274 
print trail: 
1 229 278 345 343 341 339 
print assumps: 
332 274 248 276 251 262 
print trail: 
1 229 278 345 343 341 339 331 
print assumps: 
334 274 248 276 251 258 
print trail: 
1 229 278 
print assumps: 
332 274 248 276 262 258 
print trail: 
1 229 278 335 
print assumps: 
330 262 250 276 249 274 
print trail: 
1 229 278 335 333 
print trail: 
1 229 278 331 363 351 347 344 3 255 4 256 7 259 9 261 10 262 12 264 309 299 281 14 266 16 272 19 231 233 235 237 239 241 243 245 247 50 26 100 28 44 71 274 36 150 38 164 202 42 270 40 268 31 33 34 24 136 190 142 23 57 65 252 48 220 20 249 250 277 173 131 
print trail: 
1 229 278 331 363 351 347 
print assumps: 
340 278 254 256 272 264 266 259 261 262 252 251 276 248 274 
print trail: 
1 229 278 281 345 347 349 351 339 340 254 2 256 4 272 16 264 12 308 266 14 259 7 261 9 262 10 252 50 65 298 251 276 220 172 19 48 142 130 164 150 136 100 123 109 248 21 57 23 24 274 71 
print trail: 
1 229 278 281 345 347 349 351 339 
print assumps: 
338 262 276 274 
print trail: 
1 229 278 335 333 331 338 262 10 276 274 71 50 220 172 19 48 142 130 136 100 
print trail: 
1 229 278 335 333 331 
print trail: 
1 229 278 331 363 351 347 345 342 3 255 4 256 6 258 9 261 10 262 12 264 309 299 281 14 266 16 272 19 231 233 235 237 239 241 243 245 247 50 26 100 28 44 71 274 277 36 150 38 164 202 42 270 40 268 31 33 34 24 136 190 142 23 57 65 252 48 220 173 131 20 249 250 
print trail: 
1 229 278 331 363 351 347 345 
print assumps: 
336 278 254 256 272 264 266 262 252 251 276 248 275 
print trail: 
1 229 278 281 
print assumps: 
340 262 276 
print trail: 
1 229 278 335 333 331 339 
print trail: 
1 229 278 331 363 351 347 345 343 340 3 255 4 256 6 258 9 261 10 262 277 281 50 12 264 309 299 14 266 16 272 19 231 233 235 237 239 241 243 245 247 26 100 28 44 71 274 36 150 38 164 202 42 270 40 268 31 33 35 24 191 23 57 65 252 48 220 173 20 249 250 
print trail: 
1 229 278 331 363 351 347 345 343 
print assumps: 
340 254 256 272 264 266 252 251 276 248 275 
print trail: 
1 229 278 281 337 
print assumps: 
342 276 
print trail: 
1 229 278 
print trail: 
1 229 278 331 363 351 347 345 343 341 
print assumps: 
340 260 250 276 249 274 
print trail: 
1 229 278 343 
print trail: 
1 229 278 331 363 351 347 345 343 341 339 336 3 255 4 256 6 258 8 260 11 263 12 264 309 299 281 14 266 16 272 19 231 233 235 237 239 241 243 245 247 50 26 100 28 44 71 274 36 150 38 164 202 42 270 41 269 30 32 35 24 191 23 57 65 252 48 220 20 249 250 108 277 173 
print trail: 
1 229 278 331 363 351 347 345 343 341 339 
print assumps: 
338 278 254 256 272 264 266 258 260 263 251 276 248 274 
print trail: 
1 229 278 281 337 341 
print assumps: 
338 260 276 274 
print trail: 
1 229 278 343 341 338 260 8 276 274 71 50 220 172 19 48 142 130 100 122 
print trail: 
1 229 278 343 341 
print trail: 
1 229 278 331 363 351 347 345 343 341 339 337 334 3 255 4 256 6 258 8 260 11 263 12 264 309 299 281 14 266 16 272 19 231 233 235 237 239 241 243 245 247 50 26 100 28 44 71 274 277 36 150 38 164 202 42 270 41 269 30 32 35 25 65 190 22 122 48 220 173 
print trail: 
1 229 278 331 363 351 347 345 343 341 339 337 
print assumps: 
350 278 254 256 272 264 266 258 260 263 253 250 276 248 
print trail: 
1 229 278 281 337 341 339 
print assumps: 
330 260 276 
print trail: 
1 229 278 343 341 339 
print trail: 
1 229 278 331 363 351 347 345 343 341 339 337 335 332 3 255 4 256 6 258 8 260 277 281 50 11 263 12 264 309 299 14 266 16 272 19 231 233 235 237 239 241 243 245 247 26 100 28 44 71 274 36 150 38 164 202 42 270 41 269 30 33 35 25 65 190 22 48 220 173 20 249 56 108 251 252 
print trail: 
1 229 278 331 363 351 347 345 343 341 339 337 335 
print assumps: 
348 254 256 272 264 266 258 253 250 276 248 275 
print trail: 
1 229 278 281 337 341 339 351 
print assumps: 
332 260 262 276 249 274 
print trail: 
1 229 278 343 341 339 331 
print trail: 
1 229 278 331 363 351 347 345 343 341 339 337 335 333 356 3 255 4 256 6 258 8 260 10 262 12 264 309 299 281 14 266 16 272 19 231 233 235 237 239 241 243 245 247 50 26 100 28 44 71 274 36 150 38 164 202 42 270 41 269 30 33 35 24 191 22 48 220 20 249 56 108 277 251 64 173 253 
print trail: 
1 229 278 331 363 351 347 345 343 341 339 337 335 333 
print assumps: 
346 278 254 256 272 264 266 258 252 250 276 248 275 
print trail: 
1 229 278 281 
print trail: 
1 229 278 280 246 276 270 268 274 298 103 50 71 308 46 220 172 19 48 142 130 100 20 249 259 7 109 31 
print trail: 
1 229 278 
print trail: 
1 229 278 331 363 351 347 345 343 341 339 337 335 333 357 352 281 2 254 4 256 7 259 9 261 11 263 12 264 308 14 266 16 272 19 231 233 235 237 239 241 243 245 246 50 26 100 28 44 71 274 36 150 38 164 202 42 270 40 268 31 33 35 24 191 22 48 220 20 249 56 251 64 253 298 277 173 
print trail: 
1 229 278 331 363 351 347 345 343 341 339 337 335 333 357 
print assumps: 
348 278 254 256 272 264 266 268 259 261 263 252 250 276 248 274 
print trail: 
1 229 278 281 347 
print trail: 
1 229 278 331 363 351 347 345 343 341 339 337 335 333 357 353 
print assumps: 
342 278 254 256 273 264 266 268 259 261 263 252 250 276 249 274 
print trail: 
1 229 278 281 337 
print trail: 
1 229 278 331 363 351 347 345 343 341 339 337 335 333 357 353 359 
print assumps: 
334 278 256 273 264 266 268 259 261 263 252 251 276 248 274 
print trail: 
1 229 278 281 337 
print trail: 
1 229 278 331 348 3 255 4 256 7 259 9 261 11 263 12 264 309 299 281 14 266 17 273 19 231 233 235 237 239 241 243 245 246 50 27 28 44 71 274 270 36 38 164 202 42 40 268 31 33 35 24 191 23 57 65 100 252 48 220 21 248 251 277 173 
print trail: 
1 229 278 331 
print assumps: 
338 278 256 272 264 266 268 259 261 263 252 251 276 249 274 
print trail: 
1 229 278 25 65 281 333 335 337 
print trail: 
1 229 278 331 349 
print assumps: 
336 278 256 272 264 266 268 259 261 263 253 250 276 248 274 
print trail: 
1 229 278 57 65 25 253 281 341 
print trail: 
1 229 278 331 349 361 
print assumps: 
336 278 254 256 272 264 266 268 259 261 263 253 250 276 249 274 
print trail: 
1 229 278 23 57 65 281 25 253 
print trail: 
1 229 278 331 349 361 359 
print assumps: 
336 278 256 272 264 266 268 259 261 263 253 251 276 248 274 
print trail: 
1 229 278 21 57 65 23 251 41 43 47 281 25 253 341 343 336 256 4 272 16 264 12 266 14 268 50 71 248 44 102 274 123 109 137 
print trail: 
1 229 278 21 57 65 23 251 41 43 47 281 25 253 341 343 
print assumps: 
330 266 268 276 
print trail: 
1 229 278 21 57 65 23 251 41 43 47 281 25 253 341 343 337 
print trail: 
1 229 278 331 349 361 359 353 
print assumps: 
332 276 
print trail: 
1 229 278 21 57 65 23 251 41 43 47 281 25 253 
print trail: 
1 229 278 331 349 361 359 353 357 
print assumps: 
330 264 268 276 
print trail: 
1 229 278 21 57 65 23 251 41 43 47 281 25 253 333 
print trail: 
1 229 278 331 349 361 359 353 357 333 334 2 254 5 257 7 259 9 261 11 263 12 264 308 15 267 16 272 19 231 233 235 237 239 241 243 245 246 50 26 100 29 44 71 274 268 277 281 37 39 202 43 41 31 33 34 25 65 191 271 23 57 253 298 48 220 173 21 248 251 
print trail: 
1 229 278 331 349 361 359 353 357 333 
print assumps: 
336 264 266 276 
print trail: 
1 229 278 21 57 65 23 251 41 43 47 281 25 253 333 331 
print trail: 
1 229 278 331 349 361 359 353 357 333 335 
print assumps: 
342 264 266 268 276 
print trail: 
1 229 278 23 57 65 281 25 253 337 
print assumps: 
344 278 254 256 272 264 266 268 259 261 263 253 250 249 276 274 
print trail: 
1 229 278 23 57 65 281 25 253 337 343 
print trail: 
1 229 278 331 349 361 359 353 357 333 335 337 
print assumps: 
342 278 255 256 272 264 266 259 261 263 253 251 248 276 274 
print trail: 
1 229 278 21 57 65 23 251 41 43 47 281 25 253 
print trail: 
1 229 278 331 349 361 359 353 357 333 335 337 339 
print assumps: 
338 278 254 256 272 253 251 249 276 275 
print trail: 
1 21 23 25 27 29 31 33 35 37 39 41 43 45 47 49 51 221 103 70 65 57 253 137 151 275 165 271 269 249 251 109 202 123 190 281 101 131 173 229 278 331 333 335 337 
print trail: 
1 229 278 331 349 361 359 353 357 333 335 337 339 341 342 2 254 4 256 6 258 9 261 11 263 13 265 309 299 281 15 267 16 272 
print trail: 
1 229 278 331 349 361 359 353 357 333 335 337 339 341 
1
